1761992593511 0.6623433828353882 0
1761992594647 0.7657121419906616 1
1761992595855 0.8137859106063843 2
1761992596981 0.8571667075157166 3
1761992598123 0.8773775696754456 4
1761992599254 0.8925246000289917 5
1761992600400 0.9164127111434937 6
1761992601561 0.9197487831115723 7
1761992602617 0.9264360070228577 8
1761992603783 0.916275680065155 9
1761992604882 0.933408260345459 10
1761992605982 0.9582474827766418 11
1761992607134 0.9614168405532837 12
1761992608182 0.9561872482299805 13
1761992609655 0.9704716205596924 14
1761992610698 0.966305136680603 15
1761992611764 0.9716081023216248 16
1761992612881 0.9791766405105591 17
1761992613997 0.9798886179924011 18
1761992615180 0.9747798442840576 19
1761992616246 0.976296067237854 20
1761992617379 0.9762911200523376 21
1761992618435 0.9773169159889221 22
1761992619479 0.9806879162788391 23
1761992620532 0.9837886691093445 24
1761992621745 0.981041431427002 25
1761992622811 0.9807999134063721 26
1761992623861 0.9858862161636353 27
1761992625294 0.9809143543243408 28
1761992593511 0.6623433828353882 0
1761992636359 0.9798886179924011 29
