1761992593511 0.0010000000474974513 0
1761992594647 0.0010000000474974513 1
1761992595855 0.0010000000474974513 2
1761992596981 0.0010000000474974513 3
1761992598123 0.0010000000474974513 4
1761992599254 0.0010000000474974513 5
1761992600400 0.0010000000474974513 6
1761992601561 0.0010000000474974513 7
1761992602617 0.0010000000474974513 8
1761992603783 0.0010000000474974513 9
1761992604882 0.0010000000474974513 10
1761992605982 0.0010000000474974513 11
1761992607134 0.0010000000474974513 12
1761992608182 0.0010000000474974513 13
1761992609655 0.0010000000474974513 14
1761992610698 0.0010000000474974513 15
1761992611764 0.0005000000237487257 16
1761992612881 0.0005000000237487257 17
1761992613997 0.0005000000237487257 18
1761992615180 0.0005000000237487257 19
1761992616246 0.0005000000237487257 20
1761992617379 0.0005000000237487257 21
1761992618435 0.0005000000237487257 22
1761992619479 0.0005000000237487257 23
1761992620532 0.0002500000118743628 24
1761992621745 0.0002500000118743628 25
1761992622811 0.0002500000118743628 26
1761992623861 0.0002500000118743628 27
1761992625294 0.0002500000118743628 28
1761992593511 0.0010000000474974513 0
1761992636359 0.0005000000237487257 29
