1761992593511 1.3401262760162354 0
1761992594647 1.189292073249817 1
1761992595855 1.1309101581573486 2
1761992596981 1.0674291849136353 3
1761992598123 1.0293858051300049 4
1761992599254 0.9954681396484375 5
1761992600400 0.9479478001594543 6
1761992601561 0.9346851110458374 7
1761992602617 0.9099485874176025 8
1761992603783 0.92534339427948 9
1761992604882 0.8768879771232605 10
1761992605982 0.8201048970222473 11
1761992607134 0.7952295541763306 12
1761992608182 0.797165036201477 13
1761992609655 0.7509494423866272 14
1761992610698 0.7539905309677124 15
1761992611764 0.7296218872070312 16
1761992612881 0.702362596988678 17
1761992613997 0.6913297772407532 18
1761992615180 0.7023370265960693 19
1761992616246 0.686873197555542 20
1761992617379 0.6864722967147827 21
1761992618435 0.6814231872558594 22
1761992619479 0.6610264778137207 23
1761992620532 0.6447025537490845 24
1761992621745 0.6544103622436523 25
1761992622811 0.6531093716621399 26
1761992623861 0.6307078003883362 27
1761992625294 0.6512390971183777 28
1761992593511 1.3401262760162354 0
1761992636359 0.6913297772407532 29
