1761992593511 0.032374098896980286 0
1761992594647 0.0422535203397274 1
1761992595855 0.0454290509223938 2
1761992596981 0.05330764129757881 3
1761992598123 0.060693640261888504 4
1761992599254 0.07010475546121597 5
1761992600400 0.08098271489143372 6
1761992601561 0.08255159109830856 7
1761992602617 0.0918690636754036 8
1761992603783 0.0875527411699295 9
1761992604882 0.09892473369836807 10
1761992605982 0.11138014495372772 11
1761992607134 0.12845304608345032 12
1761992608182 0.1336270123720169 13
1761992609655 0.15199999511241913 14
1761992610698 0.1525423675775528 15
1761992611764 0.15345700085163116 16
1761992612881 0.1700182855129242 17
1761992613997 0.1791907548904419 18
1761992615180 0.1721014529466629 19
1761992616246 0.1814671754837036 20
1761992617379 0.19574467837810516 21
1761992618435 0.1866125762462616 22
1761992619479 0.1949685513973236 23
1761992620532 0.20386266708374023 24
1761992621745 0.2053571492433548 25
1761992622811 0.20993228256702423 26
1761992623861 0.20787745714187622 27
1761992625294 0.21162790060043335 28
1761992593511 0.032374098896980286 0
1761992636359 0.1791907548904419 29
