1761992593511 0.75 0
1761992594647 0.875 1
1761992595855 0.84375 2
1761992596981 0.8645833134651184 3
1761992598123 0.875 4
1761992599254 0.90625 5
1761992600400 0.9270833134651184 6
1761992601561 0.9166666865348816 7
1761992602617 0.90625 8
1761992603783 0.8645833134651184 9
1761992604882 0.9583333134651184 10
1761992605982 0.9583333134651184 11
1761992607134 0.96875 12
1761992608182 0.9479166865348816 13
1761992609655 0.9895833134651184 14
1761992610698 0.9375 15
1761992611764 0.9479166865348816 16
1761992612881 0.96875 17
1761992613997 0.96875 18
1761992615180 0.9895833134651184 19
1761992616246 0.9791666865348816 20
1761992617379 0.9583333134651184 21
1761992618435 0.9583333134651184 22
1761992619479 0.96875 23
1761992620532 0.9895833134651184 24
1761992621745 0.9583333134651184 25
1761992622811 0.96875 26
1761992623861 0.9895833134651184 27
1761992625294 0.9479166865348816 28
1761992593511 0.75 0
1761992636359 0.96875 29
