1761422627457 0.5310747623443604 0
1761422628032 0.6231308579444885 1
1761422628593 0.7028037309646606 2
1761422629331 0.7446261644363403 3
1761422630024 0.7932242751121521 4
1761422630747 0.8278037309646606 5
1761422631248 0.8495327234268188 6
1761422631751 0.8483644723892212 7
1761422632250 0.870794415473938 8
1761422632781 0.8831775784492493 9
1761422633281 0.8920560479164124 10
1761422633788 0.895327091217041 11
1761422634306 0.8992990851402283 12
1761422634787 0.9058411121368408 13
1761422635271 0.9240654110908508 14
1761422627457 0.5310747623443604 0
1761422655132 0.7932242751121521 15
