1761422627457 0.0010000000474974513 0
1761422628032 0.0010000000474974513 1
1761422628593 0.0010000000474974513 2
1761422629331 0.0010000000474974513 3
1761422630024 0.0010000000474974513 4
1761422630747 0.0010000000474974513 5
1761422631248 0.0010000000474974513 6
1761422631751 0.0010000000474974513 7
1761422632250 0.0010000000474974513 8
1761422632781 0.0010000000474974513 9
1761422633281 0.0005000000237487257 10
1761422633788 0.0005000000237487257 11
1761422634306 0.0005000000237487257 12
1761422634787 0.0005000000237487257 13
1761422635271 0.0005000000237487257 14
1761422627457 0.0010000000474974513 0
1761422655132 0.0010000000474974513 15
