1761422627457 0.6423162817955017 0
1761422628032 0.5129931569099426 1
1761422628593 0.4064437747001648 2
1761422629331 0.3955652117729187 3
1761422630024 0.3448973000049591 4
1761422630747 0.3015080690383911 5
1761422631248 0.31736117601394653 6
1761422631751 0.28102603554725647 7
1761422632250 0.24426643550395966 8
1761422632781 0.23187947273254395 9
1761422633281 0.21795764565467834 10
1761422633788 0.2189600020647049 11
1761422634306 0.20216691493988037 12
1761422634787 0.17418895661830902 13
1761422635271 0.170366570353508 14
1761422627457 0.6423162817955017 0
1761422655132 0.3448973000049591 15
