1761996511157 0.6326436400413513 0
1761996512555 0.7708333730697632 1
1761996513740 0.8019275665283203 2
1761996515006 0.8547995686531067 3
1761996516337 0.8769902586936951 4
1761996517476 0.9264276027679443 5
1761996518606 0.9156312942504883 6
1761996519806 0.9254053831100464 7
1761996520905 0.9125195145606995 8
1761996522022 0.9415549039840698 9
1761996523372 0.9508493542671204 10
1761996524739 0.9461095929145813 11
1761996525855 0.9569534659385681 12
1761996527004 0.9646894335746765 13
1761996528087 0.9731569886207581 14
1761996529220 0.9717271327972412 15
1761996530421 0.9708604216575623 16
1761996531537 0.9706134796142578 17
1761996532686 0.9683374762535095 18
1761996534003 0.9724830985069275 19
1761996535369 0.976527214050293 20
1761996536430 0.9788753390312195 21
1761996537623 0.9752105474472046 22
1761996538902 0.9807270169258118 23
1761996540267 0.9735698699951172 24
1761996541326 0.9746794104576111 25
1761996542467 0.9870433807373047 26
1761996543585 0.9815011024475098 27
1761996545120 0.9785512685775757 28
1761996546311 0.9774402976036072 29
1761996547750 0.9874226450920105 30
1761996549066 0.9860274791717529 31
1761996550582 0.987663209438324 32
1761996551702 0.9830428957939148 33
1761996552850 0.9862229824066162 34
1761996554015 0.9916815161705017 35
1761996555165 0.9846386909484863 36
1761996556381 0.9870805740356445 37
1761996557508 0.9876026511192322 38
1761996558704 0.9906965494155884 39
1761996559848 0.9917111992835999 40
1761996561180 0.9907826781272888 41
1761996562413 0.9899031519889832 42
1761996563496 0.9893926978111267 43
1761996564562 0.9902645349502563 44
1761996565912 0.9916468858718872 45
1761996567045 0.9877210259437561 46
1761996568146 0.9926639795303345 47
1761996569311 0.9935126304626465 48
1761996570444 0.9938264489173889 49
1761996571694 0.9921405911445618 50
1761996573027 0.9928286075592041 51
1761996574327 0.994352400302887 52
1761996575593 0.9933750629425049 53
1761996576859 0.9912122488021851 54
1761996577927 0.993270993232727 55
1761996579309 0.9923194050788879 56
1761996580377 0.9932631850242615 57
1761996581542 0.9916159510612488 58
1761996582608 0.9911401867866516 59
1761996583691 0.9940604567527771 60
1761996584995 0.9934072494506836 61
1761996586191 0.9949620366096497 62
1761996587357 0.9953463077545166 63
1761996588824 0.9939075112342834 64
1761996592815 0.9944899678230286 65
1761996593940 0.9945761561393738 66
1761996595438 0.9941904544830322 67
1761996596641 0.9968495965003967 68
1761996597715 0.9963956475257874 69
1761996598715 0.9948230385780334 70
1761996599783 0.9938316941261292 71
1761996600879 0.9951303601264954 72
1761996601945 0.9913883805274963 73
1761996603032 0.9948294758796692 74
1761996604156 0.9933969378471375 75
1761996605196 0.996452271938324 76
1761996606552 0.9954144954681396 77
1761996607572 0.995759129524231 78
1761996609218 0.996467649936676 79
1761996612255 0.9976004958152771 80
1761996614270 0.9949400424957275 81
1761996615607 0.9962375164031982 82
1761996617234 0.9952049851417542 83
1761996618425 0.996534526348114 84
1761996619624 0.9962517023086548 85
1761996621081 0.9939075112342834 86
1761996622264 0.9959185719490051 87
1761996623294 0.9967969059944153 88
1761996624290 0.9963724613189697 89
1761996625290 0.996882975101471 90
1761996626290 0.9976982474327087 91
1761996627562 0.9960188269615173 92
1761996511157 0.6326436400413513 0
1761996663728 0.9962375164031982 93
