1761996511157 0.0010000000474974513 0
1761996512555 0.0010000000474974513 1
1761996513740 0.0010000000474974513 2
1761996515006 0.0010000000474974513 3
1761996516337 0.0010000000474974513 4
1761996517476 0.0010000000474974513 5
1761996518606 0.0010000000474974513 6
1761996519806 0.0010000000474974513 7
1761996520905 0.0010000000474974513 8
1761996522022 0.0010000000474974513 9
1761996523372 0.0010000000474974513 10
1761996524739 0.0010000000474974513 11
1761996525855 0.0010000000474974513 12
1761996527004 0.0010000000474974513 13
1761996528087 0.0010000000474974513 14
1761996529220 0.0010000000474974513 15
1761996530421 0.0010000000474974513 16
1761996531537 0.0010000000474974513 17
1761996532686 0.0010000000474974513 18
1761996534003 0.0010000000474974513 19
1761996535369 0.0010000000474974513 20
1761996536430 0.0010000000474974513 21
1761996537623 0.0010000000474974513 22
1761996538902 0.0010000000474974513 23
1761996540267 0.0010000000474974513 24
1761996541326 0.0010000000474974513 25
1761996542467 0.0010000000474974513 26
1761996543585 0.0010000000474974513 27
1761996545120 0.0010000000474974513 28
1761996546311 0.0010000000474974513 29
1761996547750 0.0010000000474974513 30
1761996549066 0.0010000000474974513 31
1761996550582 0.0010000000474974513 32
1761996551702 0.0010000000474974513 33
1761996552850 0.0005000000237487257 34
1761996554015 0.0005000000237487257 35
1761996555165 0.0005000000237487257 36
1761996556381 0.0005000000237487257 37
1761996557508 0.0005000000237487257 38
1761996558704 0.0005000000237487257 39
1761996559848 0.0005000000237487257 40
1761996561180 0.0005000000237487257 41
1761996562413 0.0005000000237487257 42
1761996563496 0.0005000000237487257 43
1761996564562 0.0005000000237487257 44
1761996565912 0.0005000000237487257 45
1761996567045 0.0005000000237487257 46
1761996568146 0.0005000000237487257 47
1761996569311 0.0005000000237487257 48
1761996570444 0.0005000000237487257 49
1761996571694 0.0005000000237487257 50
1761996573027 0.0005000000237487257 51
1761996574327 0.0005000000237487257 52
1761996575593 0.0005000000237487257 53
1761996576859 0.0005000000237487257 54
1761996577927 0.0005000000237487257 55
1761996579309 0.0005000000237487257 56
1761996580377 0.0005000000237487257 57
1761996581542 0.0005000000237487257 58
1761996582608 0.0002500000118743628 59
1761996583691 0.0002500000118743628 60
1761996584995 0.0002500000118743628 61
1761996586191 0.0002500000118743628 62
1761996587357 0.0002500000118743628 63
1761996588824 0.0002500000118743628 64
1761996592815 0.0002500000118743628 65
1761996593940 0.0002500000118743628 66
1761996595438 0.0002500000118743628 67
1761996596641 0.0002500000118743628 68
1761996597715 0.0002500000118743628 69
1761996598715 0.0002500000118743628 70
1761996599783 0.0002500000118743628 71
1761996600879 0.0002500000118743628 72
1761996601945 0.0002500000118743628 73
1761996603032 0.0002500000118743628 74
1761996604156 0.0002500000118743628 75
1761996605196 0.0002500000118743628 76
1761996606552 0.0002500000118743628 77
1761996607572 0.0002500000118743628 78
1761996609218 0.0002500000118743628 79
1761996612255 0.0002500000118743628 80
1761996614270 0.0002500000118743628 81
1761996615607 0.0002500000118743628 82
1761996617234 0.0002500000118743628 83
1761996618425 0.0002500000118743628 84
1761996619624 0.0002500000118743628 85
1761996621081 0.0002500000118743628 86
1761996622264 0.0002500000118743628 87
1761996623294 0.0001250000059371814 88
1761996624290 0.0001250000059371814 89
1761996625290 0.0001250000059371814 90
1761996626290 0.0001250000059371814 91
1761996627562 0.0001250000059371814 92
1761996511157 0.0010000000474974513 0
1761996663728 0.0002500000118743628 93
