1761996511157 2.000011444091797 0
1761996512555 1.8181095123291016 1
1761996513740 1.7222495079040527 2
1761996515006 1.6414753198623657 3
1761996516337 1.5906111001968384 4
1761996517476 1.4932024478912354 5
1761996518606 1.4772933721542358 6
1761996519806 1.4321544170379639 7
1761996520905 1.4395653009414673 8
1761996522022 1.359168291091919 9
1761996523372 1.3111789226531982 10
1761996524739 1.2980866432189941 11
1761996525855 1.248795986175537 12
1761996527004 1.2025200128555298 13
1761996528087 1.1505900621414185 14
1761996529220 1.131063461303711 15
1761996530421 1.1143782138824463 16
1761996531537 1.097764015197754 17
1761996532686 1.0865076780319214 18
1761996534003 1.0478984117507935 19
1761996535369 1.0158172845840454 20
1761996536430 0.9848952293395996 21
1761996537623 0.9848245978355408 22
1761996538902 0.9437456130981445 23
1761996540267 0.962230920791626 24
1761996541326 0.9406679272651672 25
1761996542467 0.8692482113838196 26
1761996543585 0.8701990246772766 27
1761996545120 0.8731733560562134 28
1761996546311 0.8565694689750671 29
1761996547750 0.7908918261528015 30
1761996549066 0.789361834526062 31
1761996550582 0.7562082409858704 32
1761996551702 0.7634024620056152 33
1761996552850 0.7371843457221985 34
1761996554015 0.6988704800605774 35
1761996555165 0.7321344614028931 36
1761996556381 0.7004708051681519 37
1761996557508 0.6960495710372925 38
1761996558704 0.6722086668014526 39
1761996559848 0.6494460105895996 40
1761996561180 0.6421775221824646 41
1761996562413 0.6434140801429749 42
1761996563496 0.64518803358078 43
1761996564562 0.630495011806488 44
1761996565912 0.6189514994621277 45
1761996567045 0.6348857283592224 46
1761996568146 0.5955816507339478 47
1761996569311 0.5799816250801086 48
1761996570444 0.5627301335334778 49
1761996571694 0.5711724758148193 50
1761996573027 0.5621625185012817 51
1761996574327 0.5458482503890991 52
1761996575593 0.5386797189712524 53
1761996576859 0.5544480681419373 54
1761996577927 0.5309653878211975 55
1761996579309 0.5341745615005493 56
1761996580377 0.5211539268493652 57
1761996581542 0.5336981415748596 58
1761996582608 0.5361357927322388 59
1761996583691 0.5049309134483337 60
1761996584995 0.5060725212097168 61
1761996586191 0.4877379238605499 62
1761996587357 0.482248991727829 63
1761996588824 0.48749738931655884 64
1761996592815 0.47705987095832825 65
1761996593940 0.4703921377658844 66
1761996595438 0.47543421387672424 67
1761996596641 0.446729451417923 68
1761996597715 0.4473232924938202 69
1761996598715 0.45878541469573975 70
1761996599783 0.4618563652038574 71
1761996600879 0.4427838921546936 72
1761996601945 0.4866345524787903 73
1761996603032 0.4511384665966034 74
1761996604156 0.4554020166397095 75
1761996605196 0.43004563450813293 76
1761996606552 0.43381211161613464 77
1761996607572 0.4289533495903015 78
1761996609218 0.41950950026512146 79
1761996612255 0.40564027428627014 80
1761996614270 0.42615267634391785 81
1761996615607 0.41430890560150146 82
1761996617234 0.422563374042511 83
1761996618425 0.4132560193538666 84
1761996619624 0.41482648253440857 85
1761996621081 0.41609522700309753 86
1761996622264 0.40943849086761475 87
1761996623294 0.3998154103755951 88
1761996624290 0.39373335242271423 89
1761996625290 0.39368629455566406 90
1761996626290 0.3838357925415039 91
1761996627562 0.3906554579734802 92
1761996511157 2.000011444091797 0
1761996663728 0.41430890560150146 93
