1761996511157 0.02985760197043419 0
1761996512555 0.04080604389309883 1
1761996513740 0.04729344695806503 2
1761996515006 0.05537024512887001 3
1761996516337 0.0607168972492218 4
1761996517476 0.07717569917440414 5
1761996518606 0.08699902147054672 6
1761996519806 0.09063444286584854 7
1761996520905 0.088457390666008 8
1761996522022 0.10316529870033264 9
1761996523372 0.11403508484363556 10
1761996524739 0.1155378520488739 11
1761996525855 0.12517385184764862 12
1761996527004 0.1352941244840622 13
1761996528087 0.16049382090568542 14
1761996529220 0.16202090680599213 15
1761996530421 0.17751479148864746 16
1761996531537 0.16112084686756134 17
1761996532686 0.1612318903207779 18
1761996534003 0.20000000298023224 19
1761996535369 0.19077567756175995 20
1761996536430 0.20434781908988953 21
1761996537623 0.18803419172763824 22
1761996538902 0.19745223224163055 23
1761996540267 0.19098712503910065 24
1761996541326 0.20270270109176636 25
1761996542467 0.21830986440181732 26
1761996543585 0.21040189266204834 27
1761996545120 0.22303920984268188 28
1761996546311 0.21394230425357819 29
1761996547750 0.2442159354686737 30
1761996549066 0.25574713945388794 31
1761996550582 0.25 32
1761996551702 0.24064171314239502 33
1761996552850 0.24932248890399933 34
1761996554015 0.2625698447227478 35
1761996555165 0.2719033360481262 36
1761996556381 0.25905293226242065 37
1761996557508 0.2651296854019165 38
1761996558704 0.2830769121646881 39
1761996559848 0.29192546010017395 40
1761996561180 0.3089700937271118 41
1761996562413 0.30645161867141724 42
1761996563496 0.2898089289665222 43
1761996564562 0.3009708821773529 44
1761996565912 0.28930819034576416 45
1761996567045 0.3089700937271118 46
1761996568146 0.29141104221343994 47
1761996569311 0.32203391194343567 48
1761996570444 0.3356890380382538 49
1761996571694 0.35769230127334595 50
1761996573027 0.31438127160072327 51
1761996574327 0.3443223536014557 52
1761996575593 0.35907337069511414 53
1761996576859 0.3297872245311737 54
1761996577927 0.3481481373310089 55
1761996579309 0.3263157904148102 56
1761996580377 0.33451956510543823 57
1761996581542 0.35177865624427795 58
1761996582608 0.3194444477558136 59
1761996583691 0.34057971835136414 60
1761996584995 0.36614173650741577 61
1761996586191 0.36153846979141235 62
1761996587357 0.3790322542190552 63
1761996588824 0.352059930562973 64
1761996592815 0.37109375 65
1761996593940 0.3745020031929016 66
1761996595438 0.3949579894542694 67
1761996596641 0.4260089695453644 68
1761996597715 0.41777777671813965 69
1761996598715 0.39743590354919434 70
1761996599783 0.39662447571754456 71
1761996600879 0.3949579894542694 72
1761996601945 0.4155251085758209 73
1761996603032 0.3720000088214874 74
1761996604156 0.3730158805847168 75
1761996605196 0.39256197214126587 76
1761996606552 0.4140969216823578 77
1761996607572 0.4159291982650757 78
1761996609218 0.40084388852119446 79
1761996612255 0.4298642575740814 80
1761996614270 0.40611353516578674 81
1761996615607 0.41333332657814026 82
1761996617234 0.4115044176578522 83
1761996618425 0.40528634190559387 84
1761996619624 0.4104803502559662 85
1761996621081 0.43119266629219055 86
1761996622264 0.43255814909935 87
1761996623294 0.41777777671813965 88
1761996624290 0.4392523467540741 89
1761996625290 0.45410627126693726 90
1761996626290 0.4433962404727936 91
1761996627562 0.42222222685813904 92
1761996511157 0.02985760197043419 0
1761996663728 0.41333332657814026 93
