1761996511157 0.6842105388641357 0
1761996512555 0.8526315689086914 1
1761996513740 0.8736842274665833 2
1761996515006 0.8736842274665833 3
1761996516337 0.8736842274665833 4
1761996517476 0.9894737005233765 5
1761996518606 0.9368420839309692 6
1761996519806 0.9473684430122375 7
1761996520905 0.8631578683853149 8
1761996522022 0.9263157844543457 9
1761996523372 0.9578947424888611 10
1761996524739 0.9157894849777222 11
1761996525855 0.9473684430122375 12
1761996527004 0.9684210419654846 13
1761996528087 0.9578947424888611 14
1761996529220 0.9789473414421082 15
1761996530421 0.9473684430122375 16
1761996531537 0.9684210419654846 17
1761996532686 0.9368420839309692 18
1761996534003 0.9684210419654846 19
1761996535369 0.9578947424888611 20
1761996536430 0.9894737005233765 21
1761996537623 0.9263157844543457 22
1761996538902 0.9789473414421082 23
1761996540267 0.9368420839309692 24
1761996541326 0.9473684430122375 25
1761996542467 0.9789473414421082 26
1761996543585 0.9368420839309692 27
1761996545120 0.9578947424888611 28
1761996546311 0.9368420839309692 29
1761996547750 1.0 30
1761996549066 0.9368420839309692 31
1761996550582 0.9789473414421082 32
1761996551702 0.9473684430122375 33
1761996552850 0.9684210419654846 34
1761996554015 0.9894737005233765 35
1761996555165 0.9473684430122375 36
1761996556381 0.9789473414421082 37
1761996557508 0.9684210419654846 38
1761996558704 0.9684210419654846 39
1761996559848 0.9894737005233765 40
1761996561180 0.9789473414421082 41
1761996562413 1.0 42
1761996563496 0.9578947424888611 43
1761996564562 0.9789473414421082 44
1761996565912 0.9684210419654846 45
1761996567045 0.9789473414421082 46
1761996568146 1.0 47
1761996569311 1.0 48
1761996570444 1.0 49
1761996571694 0.9789473414421082 50
1761996573027 0.9894737005233765 51
1761996574327 0.9894737005233765 52
1761996575593 0.9789473414421082 53
1761996576859 0.9789473414421082 54
1761996577927 0.9894737005233765 55
1761996579309 0.9789473414421082 56
1761996580377 0.9894737005233765 57
1761996581542 0.9368420839309692 58
1761996582608 0.9684210419654846 59
1761996583691 0.9894737005233765 60
1761996584995 0.9789473414421082 61
1761996586191 0.9894737005233765 62
1761996587357 0.9894737005233765 63
1761996588824 0.9894737005233765 64
1761996592815 1.0 65
1761996593940 0.9894737005233765 66
1761996595438 0.9894737005233765 67
1761996596641 1.0 68
1761996597715 0.9894737005233765 69
1761996598715 0.9789473414421082 70
1761996599783 0.9894737005233765 71
1761996600879 0.9894737005233765 72
1761996601945 0.9578947424888611 73
1761996603032 0.9789473414421082 74
1761996604156 0.9894737005233765 75
1761996605196 1.0 76
1761996606552 0.9894737005233765 77
1761996607572 0.9894737005233765 78
1761996609218 1.0 79
1761996612255 1.0 80
1761996614270 0.9789473414421082 81
1761996615607 0.9789473414421082 82
1761996617234 0.9789473414421082 83
1761996618425 0.9684210419654846 84
1761996619624 0.9894737005233765 85
1761996621081 0.9894737005233765 86
1761996622264 0.9789473414421082 87
1761996623294 0.9894737005233765 88
1761996624290 0.9894737005233765 89
1761996625290 0.9894737005233765 90
1761996626290 0.9894737005233765 91
1761996627562 1.0 92
1761996511157 0.6842105388641357 0
1761996663728 0.9789473414421082 93
