1761427419001 0.6983100175857544 0
1761427419710 0.8072729706764221 1
1761427420399 0.8905428051948547 2
1761427421110 0.9047375321388245 3
1761427421867 0.9247094392776489 4
1761427422569 0.9444634318351746 5
1761427423373 0.964177668094635 6
1761427424011 0.970023512840271 7
1761427424639 0.9671579599380493 8
1761427425632 0.9775347113609314 9
1761427426329 0.9734517335891724 10
1761427427049 0.9837649464607239 11
1761427427731 0.9836567044258118 12
1761427428356 0.9896281957626343 13
1761427428983 0.9875767230987549 14
1761427429608 0.9928684234619141 15
1761427430425 0.9931908845901489 16
1761427431058 0.994776725769043 17
1761427431675 0.9914156794548035 18
1761427432302 0.9924103617668152 19
1761427432922 0.99258953332901 20
1761427433547 0.9941580891609192 21
1761427434241 0.9945290088653564 22
1761427434869 0.9969875812530518 23
1761427435493 0.9970285892486572 24
1761427436123 0.9970933794975281 25
1761427419001 0.6983100175857544 0
1761427484821 0.9928684234619141 26
