1761427419001 0.0010000000474974513 0
1761427419710 0.0010000000474974513 1
1761427420399 0.0010000000474974513 2
1761427421110 0.0010000000474974513 3
1761427421867 0.0010000000474974513 4
1761427422569 0.0010000000474974513 5
1761427423373 0.0010000000474974513 6
1761427424011 0.0010000000474974513 7
1761427424639 0.0010000000474974513 8
1761427425632 0.0010000000474974513 9
1761427426329 0.0010000000474974513 10
1761427427049 0.0010000000474974513 11
1761427427731 0.0010000000474974513 12
1761427428356 0.0010000000474974513 13
1761427428983 0.0010000000474974513 14
1761427429608 0.0010000000474974513 15
1761427430425 0.0010000000474974513 16
1761427431058 0.0010000000474974513 17
1761427431675 0.0010000000474974513 18
1761427432302 0.0010000000474974513 19
1761427432922 0.0010000000474974513 20
1761427433547 0.0005000000237487257 21
1761427434241 0.0005000000237487257 22
1761427434869 0.0005000000237487257 23
1761427435493 0.0005000000237487257 24
1761427436123 0.0005000000237487257 25
1761427419001 0.0010000000474974513 0
1761427484821 0.0010000000474974513 26
