1761427419001 0.7189991474151611 0
1761427419710 0.5660734176635742 1
1761427420399 0.4556523263454437 2
1761427421110 0.4195617139339447 3
1761427421867 0.3717063367366791 4
1761427422569 0.3285873532295227 5
1761427423373 0.274674654006958 6
1761427424011 0.24764606356620789 7
1761427424639 0.24338838458061218 8
1761427425632 0.20772771537303925 9
1761427426329 0.21462219953536987 10
1761427427049 0.1773819476366043 11
1761427427731 0.1714550107717514 12
1761427428356 0.13711507618427277 13
1761427428983 0.14421851933002472 14
1761427429608 0.11550021916627884 15
1761427430425 0.10819416493177414 16
1761427431058 0.09521809965372086 17
1761427431675 0.11698468774557114 18
1761427432302 0.10773965716362 19
1761427432922 0.10443596541881561 20
1761427433547 0.09188607335090637 21
1761427434241 0.08713949471712112 22
1761427434869 0.06633534282445908 23
1761427435493 0.07009837031364441 24
1761427436123 0.06480709463357925 25
1761427419001 0.7189991474151611 0
1761427484821 0.11550021916627884 26
