1761427419001 0.034000933170318604 0
1761427419710 0.044052861630916595 1
1761427420399 0.05721551179885864 2
1761427421110 0.06641509383916855 3
1761427421867 0.07925200462341309 4
1761427422569 0.09081735461950302 5
1761427423373 0.11229314655065536 6
1761427424011 0.13218390941619873 7
1761427424639 0.13855421543121338 8
1761427425632 0.16254417598247528 9
1761427426329 0.1700182855129242 10
1761427427049 0.18489065766334534 11
1761427427731 0.18875502049922943 12
1761427428356 0.24181360006332397 13
1761427428983 0.26050421595573425 14
1761427429608 0.2719546854496002 15
1761427430425 0.30158731341362 16
1761427431058 0.3405017852783203 17
1761427431675 0.31313130259513855 18
1761427432302 0.2928348779678345 19
1761427432922 0.34558823704719543 20
1761427433547 0.31986531615257263 21
1761427434241 0.35877862572669983 22
1761427434869 0.4000000059604645 23
1761427435493 0.4563106894493103 24
1761427436123 0.4192139804363251 25
1761427419001 0.034000933170318604 0
1761427484821 0.2719546854496002 26
