1761427419001 0.7604166865348816 0
1761427419710 0.8333333134651184 1
1761427420399 0.9375 2
1761427421110 0.9166666865348816 3
1761427421867 0.9270833134651184 4
1761427422569 0.9375 5
1761427423373 0.9895833134651184 6
1761427424011 0.9583333134651184 7
1761427424639 0.9583333134651184 8
1761427425632 0.9583333134651184 9
1761427426329 0.96875 10
1761427427049 0.96875 11
1761427427731 0.9791666865348816 12
1761427428356 1.0 13
1761427428983 0.96875 14
1761427429608 1.0 15
1761427430425 0.9895833134651184 16
1761427431058 0.9895833134651184 17
1761427431675 0.96875 18
1761427432302 0.9791666865348816 19
1761427432922 0.9791666865348816 20
1761427433547 0.9895833134651184 21
1761427434241 0.9791666865348816 22
1761427434869 1.0 23
1761427435493 0.9791666865348816 24
1761427436123 1.0 25
1761427419001 0.7604166865348816 0
1761427484821 1.0 26
