1762003209808 0.7131379842758179 0
1762003211077 0.7988632917404175 1
1762003212229 0.8469800353050232 2
1762003213689 0.8860352635383606 3
1762003214939 0.8957796692848206 4
1762003216174 0.9037496447563171 5
1762003217519 0.9295228123664856 6
1762003218737 0.95151287317276 7
1762003219926 0.9419329762458801 8
1762003221215 0.9668921232223511 9
1762003223874 0.9536203742027283 10
1762003225104 0.9539636969566345 11
1762003226299 0.9615826606750488 12
1762003227467 0.9502577781677246 13
1762003228652 0.9730786085128784 14
1762003229857 0.9735119342803955 15
1762003231172 0.9686872363090515 16
1762003232384 0.977279543876648 17
1762003233681 0.9781642556190491 18
1762003235070 0.9779623746871948 19
1762003236334 0.9805701971054077 20
1762003237497 0.9813134074211121 21
1762003238774 0.9805302023887634 22
1762003239976 0.974016010761261 23
1762003241816 0.9800571203231812 24
1762003243098 0.9752838015556335 25
1762003244810 0.979637861251831 26
1762003247352 0.9840909242630005 27
1762003248687 0.9833605885505676 28
1762003249948 0.9867360591888428 29
1762003251367 0.9866524338722229 30
1762003252518 0.986735999584198 31
1762003253896 0.9814394116401672 32
1762003255597 0.9819459915161133 33
1762003259702 0.9804814457893372 34
1762003262373 0.979905366897583 35
1762003266977 0.977772057056427 36
1762003269944 0.9794553518295288 37
1762003271705 0.9785757660865784 38
1762003273120 0.9890905022621155 39
1762003274384 0.9911209940910339 40
1762003275728 0.9904754161834717 41
1762003277379 0.989393949508667 42
1762003278718 0.9929841756820679 43
1762003279877 0.9882250428199768 44
1762003281680 0.9858357906341553 45
1762003282849 0.9901179671287537 46
1762003284402 0.9909807443618774 47
1762003285702 0.9852250814437866 48
1762003286857 0.9849356412887573 49
1762003288001 0.9771007895469666 50
1762003289317 0.9856159090995789 51
1762003291040 0.9888500571250916 52
1762003292249 0.9861740469932556 53
1762003294240 0.9908187389373779 54
1762003295405 0.9933377504348755 55
1762003296733 0.9903274178504944 56
1762003297938 0.9907286763191223 57
1762003299254 0.9878227114677429 58
1762003301796 0.9924402832984924 59
1762003302899 0.9924800395965576 60
1762003304193 0.9930921196937561 61
1762003305499 0.9953463673591614 62
1762003307936 0.9956345558166504 63
1762003309551 0.9946480989456177 64
1762003310794 0.9953309297561646 65
1762003311904 0.9967969059944153 66
1762003313470 0.9963918328285217 67
1762003315673 0.9958646893501282 68
1762003317104 0.9974011778831482 69
1762003319825 0.9975928068161011 70
1762003321029 0.9959558248519897 71
1762003322422 0.9964148998260498 72
1762003324915 0.9952447414398193 73
1762003326396 0.9954853057861328 74
1762003329002 0.9968586564064026 75
1762003330265 0.9964162111282349 76
1762003332063 0.9968225359916687 77
1762003333522 0.9958041906356812 78
1762003334805 0.9956382513046265 79
1762003336027 0.9966477155685425 80
1762003337762 0.9948577880859375 81
1762003339392 0.9969601631164551 82
1762003340864 0.9963288307189941 83
1762003343442 0.9968418478965759 84
1762003346777 0.9971067905426025 85
1762003348374 0.9960394501686096 86
1762003349890 0.9971028566360474 87
1762003351079 0.9972417950630188 88
1762003352241 0.9966952800750732 89
1762003353530 0.9975683689117432 90
1762003354883 0.9975568056106567 91
1762003356124 0.9976661205291748 92
1762003357324 0.9966632127761841 93
1762003358485 0.9972122311592102 94
1762003359756 0.9978216290473938 95
1762003361239 0.99849933385849 96
1762003209808 0.7131379842758179 0
1762003428526 0.9960394501686096 97
