1762003209808 0.0010000000474974513 0
1762003211077 0.0010000000474974513 1
1762003212229 0.0010000000474974513 2
1762003213689 0.0010000000474974513 3
1762003214939 0.0010000000474974513 4
1762003216174 0.0010000000474974513 5
1762003217519 0.0010000000474974513 6
1762003218737 0.0010000000474974513 7
1762003219926 0.0010000000474974513 8
1762003221215 0.0010000000474974513 9
1762003223874 0.0010000000474974513 10
1762003225104 0.0010000000474974513 11
1762003226299 0.0010000000474974513 12
1762003227467 0.0010000000474974513 13
1762003228652 0.0010000000474974513 14
1762003229857 0.0010000000474974513 15
1762003231172 0.0010000000474974513 16
1762003232384 0.0010000000474974513 17
1762003233681 0.0010000000474974513 18
1762003235070 0.0010000000474974513 19
1762003236334 0.0010000000474974513 20
1762003237497 0.0010000000474974513 21
1762003238774 0.0010000000474974513 22
1762003239976 0.0010000000474974513 23
1762003241816 0.0010000000474974513 24
1762003243098 0.0010000000474974513 25
1762003244810 0.0010000000474974513 26
1762003247352 0.0010000000474974513 27
1762003248687 0.0010000000474974513 28
1762003249948 0.0010000000474974513 29
1762003251367 0.0010000000474974513 30
1762003252518 0.0010000000474974513 31
1762003253896 0.0010000000474974513 32
1762003255597 0.0010000000474974513 33
1762003259702 0.0010000000474974513 34
1762003262373 0.0010000000474974513 35
1762003266977 0.0010000000474974513 36
1762003269944 0.0010000000474974513 37
1762003271705 0.0010000000474974513 38
1762003273120 0.0010000000474974513 39
1762003274384 0.0010000000474974513 40
1762003275728 0.0010000000474974513 41
1762003277379 0.0010000000474974513 42
1762003278718 0.0010000000474974513 43
1762003279877 0.0010000000474974513 44
1762003281680 0.0010000000474974513 45
1762003282849 0.0010000000474974513 46
1762003284402 0.0010000000474974513 47
1762003285702 0.0010000000474974513 48
1762003286857 0.0010000000474974513 49
1762003288001 0.0010000000474974513 50
1762003289317 0.0010000000474974513 51
1762003291040 0.0005000000237487257 52
1762003292249 0.0005000000237487257 53
1762003294240 0.0005000000237487257 54
1762003295405 0.0005000000237487257 55
1762003296733 0.0005000000237487257 56
1762003297938 0.0005000000237487257 57
1762003299254 0.0005000000237487257 58
1762003301796 0.0005000000237487257 59
1762003302899 0.0005000000237487257 60
1762003304193 0.0005000000237487257 61
1762003305499 0.0002500000118743628 62
1762003307936 0.0002500000118743628 63
1762003309551 0.0002500000118743628 64
1762003310794 0.0002500000118743628 65
1762003311904 0.0002500000118743628 66
1762003313470 0.0002500000118743628 67
1762003315673 0.0002500000118743628 68
1762003317104 0.0002500000118743628 69
1762003319825 0.0002500000118743628 70
1762003321029 0.0002500000118743628 71
1762003322422 0.0002500000118743628 72
1762003324915 0.0002500000118743628 73
1762003326396 0.0002500000118743628 74
1762003329002 0.0002500000118743628 75
1762003330265 0.0002500000118743628 76
1762003332063 0.0002500000118743628 77
1762003333522 0.0002500000118743628 78
1762003334805 0.0001250000059371814 79
1762003336027 0.0001250000059371814 80
1762003337762 0.0001250000059371814 81
1762003339392 0.0001250000059371814 82
1762003340864 0.0001250000059371814 83
1762003343442 0.0001250000059371814 84
1762003346777 0.0001250000059371814 85
1762003348374 0.0001250000059371814 86
1762003349890 0.0001250000059371814 87
1762003351079 0.0001250000059371814 88
1762003352241 0.0001250000059371814 89
1762003353530 0.0001250000059371814 90
1762003354883 0.0001250000059371814 91
1762003356124 6.25000029685907e-05 92
1762003357324 6.25000029685907e-05 93
1762003358485 6.25000029685907e-05 94
1762003359756 6.25000029685907e-05 95
1762003361239 6.25000029685907e-05 96
1762003209808 0.0010000000474974513 0
1762003428526 0.0001250000059371814 97
