1762003209808 2.103533983230591 0
1762003211077 1.930991530418396 1
1762003212229 1.8205465078353882 2
1762003213689 1.7332961559295654 3
1762003214939 1.6826980113983154 4
1762003216174 1.644750952720642 5
1762003217519 1.5635337829589844 6
1762003218737 1.4880725145339966 7
1762003219926 1.4710556268692017 8
1762003221215 1.3834846019744873 9
1762003223874 1.3815993070602417 10
1762003225104 1.3564460277557373 11
1762003226299 1.3048748970031738 12
1762003227467 1.3113083839416504 13
1762003228652 1.213560700416565 14
1762003229857 1.1802527904510498 15
1762003231172 1.17898428440094 16
1762003232384 1.1129895448684692 17
1762003233681 1.0882365703582764 18
1762003235070 1.0582700967788696 19
1762003236334 1.0184509754180908 20
1762003237497 0.9957528114318848 21
1762003238774 0.9720406532287598 22
1762003239976 0.9843540191650391 23
1762003241816 0.938596785068512 24
1762003243098 0.9717398881912231 25
1762003244810 0.9270070791244507 26
1762003247352 0.8804648518562317 27
1762003248687 0.8578088283538818 28
1762003249948 0.8247318863868713 29
1762003251367 0.7967645525932312 30
1762003252518 0.7841086983680725 31
1762003253896 0.7917906045913696 32
1762003255597 0.7824360728263855 33
1762003259702 0.7873343825340271 34
1762003262373 0.7790598273277283 35
1762003266977 0.7819018959999084 36
1762003269944 0.7680023908615112 37
1762003271705 0.7499692440032959 38
1762003273120 0.6774997115135193 39
1762003274384 0.6471455693244934 40
1762003275728 0.6341317296028137 41
1762003277379 0.6217040419578552 42
1762003278718 0.5865147113800049 43
1762003279877 0.6098548173904419 44
1762003281680 0.6297290921211243 45
1762003282849 0.5923826694488525 46
1762003284402 0.5797653794288635 47
1762003285702 0.6096814870834351 48
1762003286857 0.6233145594596863 49
1762003288001 0.6758875250816345 50
1762003289317 0.6296354532241821 51
1762003291040 0.5913621187210083 52
1762003292249 0.5935601592063904 53
1762003294240 0.5566505789756775 54
1762003295405 0.5290754437446594 55
1762003296733 0.5401789546012878 56
1762003297938 0.5336255431175232 57
1762003299254 0.5431297421455383 58
1762003301796 0.5042309165000916 59
1762003302899 0.4983823001384735 60
1762003304193 0.4745236337184906 61
1762003305499 0.45666080713272095 62
1762003307936 0.4474153518676758 63
1762003309551 0.4497327506542206 64
1762003310794 0.4425713121891022 65
1762003311904 0.4270368814468384 66
1762003313470 0.42340683937072754 67
1762003315673 0.43044838309288025 68
1762003317104 0.40696683526039124 69
1762003319825 0.40036115050315857 70
1762003321029 0.41441434621810913 71
1762003322422 0.4009266793727875 72
1762003324915 0.4036659598350525 73
1762003326396 0.40138277411460876 74
1762003329002 0.3863476812839508 75
1762003330265 0.3902842700481415 76
1762003332063 0.3876551687717438 77
1762003333522 0.38848376274108887 78
1762003334805 0.3967247009277344 79
1762003336027 0.3832816779613495 80
1762003337762 0.39437639713287354 81
1762003339392 0.3794088065624237 82
1762003340864 0.373198539018631 83
1762003343442 0.3671623170375824 84
1762003346777 0.36405667662620544 85
1762003348374 0.3706029951572418 86
1762003349890 0.3631935119628906 87
1762003351079 0.3555178642272949 88
1762003352241 0.3600102961063385 89
1762003353530 0.34889376163482666 90
1762003354883 0.350440114736557 91
1762003356124 0.35133033990859985 92
1762003357324 0.3557536005973816 93
1762003358485 0.3485439121723175 94
1762003359756 0.3412107825279236 95
1762003361239 0.3332621157169342 96
1762003209808 2.103533983230591 0
1762003428526 0.3706029951572418 97
