1762003209808 0.03473227098584175 0
1762003211077 0.044247787445783615 1
1762003212229 0.04932182654738426 2
1762003213689 0.06504064798355103 3
1762003214939 0.07269503176212311 4
1762003216174 0.07763401418924332 5
1762003217519 0.09698276221752167 6
1762003218737 0.10663507133722305 7
1762003219926 0.12191780656576157 8
1762003221215 0.1339031308889389 9
1762003223874 0.1332312375307083 10
1762003225104 0.1372854858636856 11
1762003226299 0.14662273228168488 12
1762003227467 0.13458529114723206 13
1762003228652 0.1623488813638687 14
1762003229857 0.18039216101169586 15
1762003231172 0.16287878155708313 16
1762003232384 0.18712273240089417 17
1762003233681 0.19077567756175995 18
1762003235070 0.19620253145694733 19
1762003236334 0.21957039833068848 20
1762003237497 0.20852017402648926 21
1762003238774 0.22469136118888855 22
1762003239976 0.20952381193637848 23
1762003241816 0.23711340129375458 24
1762003243098 0.18763326108455658 25
1762003244810 0.2063492089509964 26
1762003247352 0.2298288494348526 27
1762003248687 0.24538259208202362 28
1762003249948 0.26050421595573425 29
1762003251367 0.28792569041252136 30
1762003252518 0.25915491580963135 31
1762003253896 0.24210526049137115 32
1762003255597 0.25364431738853455 33
1762003259702 0.21212121844291687 34
1762003262373 0.20495495200157166 35
1762003266977 0.22418135404586792 36
1762003269944 0.2107728272676468 37
1762003271705 0.22358722984790802 38
1762003273120 0.270114928483963 39
1762003274384 0.29192546010017395 40
1762003275728 0.30263158679008484 41
1762003277379 0.2852852940559387 42
1762003278718 0.3405017852783203 43
1762003279877 0.3033333420753479 44
1762003281680 0.24932976067066193 45
1762003282849 0.3239436745643616 46
1762003284402 0.3333333432674408 47
1762003285702 0.2642045319080353 48
1762003286857 0.25 49
1762003288001 0.228723406791687 50
1762003289317 0.21728971600532532 51
1762003291040 0.27927929162979126 52
1762003292249 0.27761194109916687 53
1762003294240 0.2777777910232544 54
1762003295405 0.34296029806137085 55
1762003296733 0.326241135597229 56
1762003297938 0.29523810744285583 57
1762003299254 0.2852760851383209 58
1762003301796 0.31972789764404297 59
1762003302899 0.35361215472221375 60
1762003304193 0.4059829115867615 61
1762003305499 0.4051724076271057 62
1762003307936 0.4059829115867615 63
1762003309551 0.3933054506778717 64
1762003310794 0.4034334719181061 65
1762003311904 0.43317973613739014 66
1762003313470 0.4292237460613251 67
1762003315673 0.4554455578327179 68
1762003317104 0.41850221157073975 69
1762003319825 0.4726368188858032 70
1762003321029 0.43119266629219055 71
1762003322422 0.46341463923454285 72
1762003324915 0.4337899684906006 73
1762003326396 0.44075828790664673 74
1762003329002 0.46568626165390015 75
1762003330265 0.46268656849861145 76
1762003332063 0.41228070855140686 77
1762003333522 0.4292237460613251 78
1762003334805 0.46039605140686035 79
1762003336027 0.4000000059604645 80
1762003337762 0.4360189437866211 81
1762003339392 0.4673366844654083 82
1762003340864 0.4726368188858032 83
1762003343442 0.467980295419693 84
1762003346777 0.5053763389587402 85
1762003348374 0.4720812141895294 86
1762003349890 0.46078431606292725 87
1762003351079 0.5081080794334412 88
1762003352241 0.4747474789619446 89
1762003353530 0.5 90
1762003354883 0.4845360815525055 91
1762003356124 0.4894736707210541 92
1762003357324 0.446601927280426 93
1762003358485 0.4771573543548584 94
1762003359756 0.5219780206680298 95
1762003361239 0.5397727489471436 96
1762003209808 0.03473227098584175 0
1762003428526 0.4720812141895294 97
