1762003209808 0.75789475440979 0
1762003211077 0.8421052694320679 1
1762003212229 0.8421052694320679 2
1762003213689 0.9263157844543457 3
1762003214939 0.8631578683853149 4
1762003216174 0.8842105269432068 5
1762003217519 0.9473684430122375 6
1762003218737 0.9473684430122375 7
1762003219926 0.9368420839309692 8
1762003221215 0.9894737005233765 9
1762003223874 0.9157894849777222 10
1762003225104 0.9263157844543457 11
1762003226299 0.9368420839309692 12
1762003227467 0.9052631855010986 13
1762003228652 0.9894737005233765 14
1762003229857 0.9684210419654846 15
1762003231172 0.9052631855010986 16
1762003232384 0.9789473414421082 17
1762003233681 0.9578947424888611 18
1762003235070 0.9789473414421082 19
1762003236334 0.9684210419654846 20
1762003237497 0.9789473414421082 21
1762003238774 0.9578947424888611 22
1762003239976 0.9263157844543457 23
1762003241816 0.9684210419654846 24
1762003243098 0.9263157844543457 25
1762003244810 0.9578947424888611 26
1762003247352 0.9894737005233765 27
1762003248687 0.9789473414421082 28
1762003249948 0.9789473414421082 29
1762003251367 0.9789473414421082 30
1762003252518 0.9684210419654846 31
1762003253896 0.9684210419654846 32
1762003255597 0.9157894849777222 33
1762003259702 0.9578947424888611 34
1762003262373 0.9578947424888611 35
1762003266977 0.9368420839309692 36
1762003269944 0.9473684430122375 37
1762003271705 0.9578947424888611 38
1762003273120 0.9894737005233765 39
1762003274384 0.9894737005233765 40
1762003275728 0.9684210419654846 41
1762003277379 1.0 42
1762003278718 1.0 43
1762003279877 0.9578947424888611 44
1762003281680 0.9789473414421082 45
1762003282849 0.9684210419654846 46
1762003284402 0.9684210419654846 47
1762003285702 0.9789473414421082 48
1762003286857 0.9263157844543457 49
1762003288001 0.9052631855010986 50
1762003289317 0.9789473414421082 51
1762003291040 0.9789473414421082 52
1762003292249 0.9789473414421082 53
1762003294240 1.0 54
1762003295405 1.0 55
1762003296733 0.9684210419654846 56
1762003297938 0.9789473414421082 57
1762003299254 0.9789473414421082 58
1762003301796 0.9894737005233765 59
1762003302899 0.9789473414421082 60
1762003304193 1.0 61
1762003305499 0.9894737005233765 62
1762003307936 1.0 63
1762003309551 0.9894737005233765 64
1762003310794 0.9894737005233765 65
1762003311904 0.9894737005233765 66
1762003313470 0.9894737005233765 67
1762003315673 0.9684210419654846 68
1762003317104 1.0 69
1762003319825 1.0 70
1762003321029 0.9894737005233765 71
1762003322422 1.0 72
1762003324915 1.0 73
1762003326396 0.9789473414421082 74
1762003329002 1.0 75
1762003330265 0.9789473414421082 76
1762003332063 0.9894737005233765 77
1762003333522 0.9894737005233765 78
1762003334805 0.9789473414421082 79
1762003336027 0.9894737005233765 80
1762003337762 0.9684210419654846 81
1762003339392 0.9789473414421082 82
1762003340864 1.0 83
1762003343442 1.0 84
1762003346777 0.9894737005233765 85
1762003348374 0.9789473414421082 86
1762003349890 0.9894737005233765 87
1762003351079 0.9894737005233765 88
1762003352241 0.9894737005233765 89
1762003353530 1.0 90
1762003354883 0.9894737005233765 91
1762003356124 0.9789473414421082 92
1762003357324 0.9684210419654846 93
1762003358485 0.9894737005233765 94
1762003359756 1.0 95
1762003361239 1.0 96
1762003209808 0.75789475440979 0
1762003428526 0.9789473414421082 97
