1761992506991 0.6352722644805908 0
1761992508343 0.7820093035697937 1
1761992509759 0.8181315660476685 2
1761992511138 0.8481429815292358 3
1761992512254 0.8805631399154663 4
1761992513356 0.8839626908302307 5
1761992514704 0.9087160229682922 6
1761992515754 0.924673318862915 7
1761992516937 0.9265604615211487 8
1761992517986 0.9509266018867493 9
1761992519203 0.9510436654090881 10
1761992520369 0.9654848575592041 11
1761992521519 0.9608616232872009 12
1761992522569 0.9676620364189148 13
1761992523703 0.9644665718078613 14
1761992524753 0.9702923893928528 15
1761992525801 0.9771152138710022 16
1761992526851 0.964196503162384 17
1761992527929 0.9770330190658569 18
1761992529301 0.9790832996368408 19
1761992530335 0.9781160950660706 20
1761992531549 0.9817981719970703 21
1761992506991 0.6352722644805908 0
1761992543664 0.9654848575592041 22
