1761992506991 0.0010000000474974513 0
1761992508343 0.0010000000474974513 1
1761992509759 0.0010000000474974513 2
1761992511138 0.0010000000474974513 3
1761992512254 0.0010000000474974513 4
1761992513356 0.0010000000474974513 5
1761992514704 0.0010000000474974513 6
1761992515754 0.0010000000474974513 7
1761992516937 0.0010000000474974513 8
1761992517986 0.0010000000474974513 9
1761992519203 0.0010000000474974513 10
1761992520369 0.0010000000474974513 11
1761992521519 0.0010000000474974513 12
1761992522569 0.0010000000474974513 13
1761992523703 0.0010000000474974513 14
1761992524753 0.0010000000474974513 15
1761992525801 0.0010000000474974513 16
1761992526851 0.0005000000237487257 17
1761992527929 0.0005000000237487257 18
1761992529301 0.0005000000237487257 19
1761992530335 0.0005000000237487257 20
1761992531549 0.0005000000237487257 21
1761992506991 0.0010000000474974513 0
1761992543664 0.0010000000474974513 22
