1761992506991 0.8834483623504639 0
1761992508343 0.7156614065170288 1
1761992509759 0.671866774559021 2
1761992511138 0.6177254915237427 3
1761992512254 0.5673919320106506 4
1761992513356 0.5579848885536194 5
1761992514704 0.5179941654205322 6
1761992515754 0.4823911786079407 7
1761992516937 0.47100406885147095 8
1761992517986 0.4191693067550659 9
1761992519203 0.40872010588645935 10
1761992520369 0.36906930804252625 11
1761992521519 0.3735334873199463 12
1761992522569 0.3497498333454132 13
1761992523703 0.35403308272361755 14
1761992524753 0.3330514430999756 15
1761992525801 0.3111332058906555 16
1761992526851 0.35256755352020264 17
1761992527929 0.3069397509098053 18
1761992529301 0.29713737964630127 19
1761992530335 0.2996535301208496 20
1761992531549 0.2835330665111542 21
1761992506991 0.8834483623504639 0
1761992543664 0.36906930804252625 22
