1761992506991 0.030710171908140182 0
1761992508343 0.04151717200875282 1
1761992509759 0.04648460075259209 2
1761992511138 0.05320512875914574 3
1761992512254 0.063988097012043 4
1761992513356 0.06865178048610687 5
1761992514704 0.07525951415300369 6
1761992515754 0.08413926512002945 7
1761992516937 0.09596510231494904 8
1761992517986 0.10356731712818146 9
1761992519203 0.11702127754688263 10
1761992520369 0.1364942491054535 11
1761992521519 0.1334310919046402 12
1761992522569 0.15081967413425446 13
1761992523703 0.14869281649589539 14
1761992524753 0.1645796000957489 15
1761992525801 0.1781609207391739 16
1761992526851 0.17623762786388397 17
1761992527929 0.17636021971702576 18
1761992529301 0.1877470314502716 19
1761992530335 0.20258620381355286 20
1761992531549 0.2102908343076706 21
1761992506991 0.030710171908140182 0
1761992543664 0.1364942491054535 22
