1761992506991 0.6666666865348816 0
1761992508343 0.84375 1
1761992509759 0.8333333134651184 2
1761992511138 0.8645833134651184 3
1761992512254 0.8958333134651184 4
1761992513356 0.8645833134651184 5
1761992514704 0.90625 6
1761992515754 0.90625 7
1761992516937 0.9166666865348816 8
1761992517986 0.9375 9
1761992519203 0.9166666865348816 10
1761992520369 0.9895833134651184 11
1761992521519 0.9479166865348816 12
1761992522569 0.9583333134651184 13
1761992523703 0.9479166865348816 14
1761992524753 0.9583333134651184 15
1761992525801 0.96875 16
1761992526851 0.9270833134651184 17
1761992527929 0.9791666865348816 18
1761992529301 0.9895833134651184 19
1761992530335 0.9791666865348816 20
1761992531549 0.9791666865348816 21
1761992506991 0.6666666865348816 0
1761992543664 0.9895833134651184 22
