1761992706609 0.6341294646263123 0
1761992707744 0.8405122756958008 1
1761992708995 0.8230013251304626 2
1761992710194 0.8657099008560181 3
1761992711420 0.9078769683837891 4
1761992712698 0.9050847887992859 5
1761992713812 0.9217866063117981 6
1761992714958 0.9204620718955994 7
1761992716118 0.9509267210960388 8
1761992717223 0.9451469779014587 9
1761992718339 0.9454307556152344 10
1761992719538 0.9548615217208862 11
1761992720672 0.9711462259292603 12
1761992721788 0.9501721858978271 13
1761992723112 0.9602890014648438 14
1761992724222 0.9668329358100891 15
1761992725438 0.9693288803100586 16
1761992726553 0.9618498682975769 17
1761992727769 0.9690400958061218 18
1761992728895 0.9642598628997803 19
1761992730090 0.9636847972869873 20
1761992731235 0.9612612128257751 21
1761992732352 0.9628944396972656 22
1761992733852 0.9570984244346619 23
1761992734918 0.9635591506958008 24
1761992736103 0.9638205170631409 25
1761992737168 0.9779579639434814 26
1761992738286 0.9741114377975464 27
1761992739486 0.9675537943840027 28
1761992740550 0.9421381950378418 29
1761992741749 0.9594263434410095 30
1761992742800 0.9708625078201294 31
1761992744334 0.9769657254219055 32
1761992746399 0.9817571640014648 33
1761992747779 0.979162871837616 34
1761992750314 0.9776729941368103 35
1761992751448 0.9827865958213806 36
1761992752831 0.9763619899749756 37
1761992753897 0.9813550114631653 38
1761992755147 0.9810898900032043 39
1761992756280 0.9846451878547668 40
1761992757514 0.9748061895370483 41
1761992758579 0.9832757115364075 42
1761992759760 0.9814149141311646 43
1761992760829 0.979490339756012 44
1761992761995 0.978486955165863 45
1761992763061 0.982576310634613 46
1761992764160 0.9802932739257812 47
1761992765328 0.9856235980987549 48
1761992766677 0.9908953905105591 49
1761992767910 0.9897701144218445 50
1761992769060 0.9916135668754578 51
1761992770394 0.9914531111717224 52
1761992771477 0.9888526797294617 53
1761992772957 0.9923518300056458 54
1761992774092 0.9837837219238281 55
1761992775209 0.9909788370132446 56
1761992776308 0.9899668097496033 57
1761992777375 0.9908655285835266 58
1761992778441 0.9911394119262695 59
1761992779534 0.9899941086769104 60
1761992780892 0.9905866384506226 61
1761992782027 0.9915812015533447 62
1761992783090 0.9932506680488586 63
1761992784309 0.9921861886978149 64
1761992785556 0.9936066269874573 65
1761992786789 0.9915587306022644 66
1761992788116 0.9910695552825928 67
1761992789272 0.9918949007987976 68
1761992790611 0.9931895732879639 69
1761992793213 0.9935369491577148 70
1761992794337 0.9947132468223572 71
1761992795570 0.992740273475647 72
1761992796670 0.9930688142776489 73
1761992797820 0.9926120042800903 74
1761992798903 0.9928572177886963 75
1761992800253 0.9899355173110962 76
1761992801336 0.9940834045410156 77
1761992802719 0.9938904643058777 78
1761992803803 0.9934473037719727 79
1761992804918 0.993545651435852 80
1761992806051 0.9929554462432861 81
1761992807235 0.9932282567024231 82
1761992808301 0.9930028915405273 83
1761992809617 0.9953518509864807 84
1761992810767 0.9919285774230957 85
1761992812074 0.9928870797157288 86
1761992813133 0.9910222291946411 87
1761992814299 0.9937658905982971 88
1761992815399 0.9953492879867554 89
1761992816916 0.9916821718215942 90
1761992817998 0.9941866397857666 91
1761992819180 0.9962655901908875 92
1761992820276 0.9942041039466858 93
1761992821431 0.9938530921936035 94
1761992822582 0.9935840964317322 95
1761992823668 0.9951364994049072 96
1761992824847 0.9931097626686096 97
1761992825930 0.9925571084022522 98
1761992827113 0.9921426773071289 99
1761992706609 0.6341294646263123 0
1761992838460 0.9953492879867554 100
