1761992706609 0.0010000000474974513 0
1761992707744 0.0010000000474974513 1
1761992708995 0.0010000000474974513 2
1761992710194 0.0010000000474974513 3
1761992711420 0.0010000000474974513 4
1761992712698 0.0010000000474974513 5
1761992713812 0.0010000000474974513 6
1761992714958 0.0010000000474974513 7
1761992716118 0.0010000000474974513 8
1761992717223 0.0010000000474974513 9
1761992718339 0.0010000000474974513 10
1761992719538 0.0010000000474974513 11
1761992720672 0.0010000000474974513 12
1761992721788 0.0010000000474974513 13
1761992723112 0.0010000000474974513 14
1761992724222 0.0010000000474974513 15
1761992725438 0.0010000000474974513 16
1761992726553 0.0010000000474974513 17
1761992727769 0.0010000000474974513 18
1761992728895 0.0010000000474974513 19
1761992730090 0.0010000000474974513 20
1761992731235 0.0010000000474974513 21
1761992732352 0.0010000000474974513 22
1761992733852 0.0010000000474974513 23
1761992734918 0.0010000000474974513 24
1761992736103 0.0010000000474974513 25
1761992737168 0.0010000000474974513 26
1761992738286 0.0010000000474974513 27
1761992739486 0.0010000000474974513 28
1761992740550 0.0010000000474974513 29
1761992741749 0.0010000000474974513 30
1761992742800 0.0010000000474974513 31
1761992744334 0.0010000000474974513 32
1761992746399 0.0005000000237487257 33
1761992747779 0.0005000000237487257 34
1761992750314 0.0005000000237487257 35
1761992751448 0.0005000000237487257 36
1761992752831 0.0005000000237487257 37
1761992753897 0.0005000000237487257 38
1761992755147 0.0005000000237487257 39
1761992756280 0.0005000000237487257 40
1761992757514 0.0005000000237487257 41
1761992758579 0.0005000000237487257 42
1761992759760 0.0005000000237487257 43
1761992760829 0.0005000000237487257 44
1761992761995 0.0005000000237487257 45
1761992763061 0.0002500000118743628 46
1761992764160 0.0002500000118743628 47
1761992765328 0.0002500000118743628 48
1761992766677 0.0002500000118743628 49
1761992767910 0.0002500000118743628 50
1761992769060 0.0002500000118743628 51
1761992770394 0.0002500000118743628 52
1761992771477 0.0002500000118743628 53
1761992772957 0.0002500000118743628 54
1761992774092 0.0002500000118743628 55
1761992775209 0.0002500000118743628 56
1761992776308 0.0002500000118743628 57
1761992777375 0.0002500000118743628 58
1761992778441 0.0002500000118743628 59
1761992779534 0.0001250000059371814 60
1761992780892 0.0001250000059371814 61
1761992782027 0.0001250000059371814 62
1761992783090 0.0001250000059371814 63
1761992784309 0.0001250000059371814 64
1761992785556 0.0001250000059371814 65
1761992786789 0.0001250000059371814 66
1761992788116 0.0001250000059371814 67
1761992789272 0.0001250000059371814 68
1761992790611 0.0001250000059371814 69
1761992793213 0.0001250000059371814 70
1761992794337 0.0001250000059371814 71
1761992795570 0.0001250000059371814 72
1761992796670 0.0001250000059371814 73
1761992797820 0.0001250000059371814 74
1761992798903 0.0001250000059371814 75
1761992800253 0.0001250000059371814 76
1761992801336 0.0001250000059371814 77
1761992802719 0.0001250000059371814 78
1761992803803 6.25000029685907e-05 79
1761992804918 6.25000029685907e-05 80
1761992806051 6.25000029685907e-05 81
1761992807235 6.25000029685907e-05 82
1761992808301 6.25000029685907e-05 83
1761992809617 6.25000029685907e-05 84
1761992810767 6.25000029685907e-05 85
1761992812074 6.25000029685907e-05 86
1761992813133 6.25000029685907e-05 87
1761992814299 6.25000029685907e-05 88
1761992815399 6.25000029685907e-05 89
1761992816916 6.25000029685907e-05 90
1761992817998 6.25000029685907e-05 91
1761992819180 6.25000029685907e-05 92
1761992820276 6.25000029685907e-05 93
1761992821431 6.25000029685907e-05 94
1761992822582 3.125000148429535e-05 95
1761992823668 3.125000148429535e-05 96
1761992824847 3.125000148429535e-05 97
1761992825930 3.125000148429535e-05 98
1761992827113 3.125000148429535e-05 99
1761992706609 0.0010000000474974513 0
1761992838460 6.25000029685907e-05 100
