1761992706609 6.734058856964111 0
1761992707744 6.038049221038818 1
1761992708995 5.6186089515686035 2
1761992710194 5.16878080368042 3
1761992711420 4.732556343078613 4
1761992712698 4.360727787017822 5
1761992713812 3.991163969039917 6
1761992714958 3.67808198928833 7
1761992716118 3.3165416717529297 8
1761992717223 3.019759178161621 9
1761992718339 2.7889716625213623 10
1761992719538 2.5276858806610107 11
1761992720672 2.2393553256988525 12
1761992721788 2.128387689590454 13
1761992723112 1.9848995208740234 14
1761992724222 1.785961627960205 15
1761992725438 1.6659018993377686 16
1761992726553 1.539109230041504 17
1761992727769 1.4214447736740112 18
1761992728895 1.3704097270965576 19
1761992730090 1.3301876783370972 20
1761992731235 1.315736174583435 21
1761992732352 1.2807762622833252 22
1761992733852 1.2776561975479126 23
1761992734918 1.2400929927825928 24
1761992736103 1.1261014938354492 25
1761992737168 1.0258889198303223 26
1761992738286 0.9198058843612671 27
1761992739486 0.9949506521224976 28
1761992740550 1.2173956632614136 29
1761992741749 1.1441760063171387 30
1761992742800 1.0006064176559448 31
1761992744334 0.8919012546539307 32
1761992746399 0.8204773664474487 33
1761992747779 0.7679905891418457 34
1761992750314 0.7534345984458923 35
1761992751448 0.7019281387329102 36
1761992752831 0.6927436590194702 37
1761992753897 0.66501784324646 38
1761992755147 0.6433106660842896 39
1761992756280 0.6159032583236694 40
1761992757514 0.6951919198036194 41
1761992758579 0.683726966381073 42
1761992759760 0.6534955501556396 43
1761992760829 0.6470165252685547 44
1761992761995 0.6682254672050476 45
1761992763061 0.6515867710113525 46
1761992764160 0.6377807855606079 47
1761992765328 0.5775637626647949 48
1761992766677 0.5295357704162598 49
1761992767910 0.5007165670394897 50
1761992769060 0.482505738735199 51
1761992770394 0.46404150128364563 52
1761992771477 0.470216304063797 53
1761992772957 0.44613897800445557 54
1761992774092 0.4747506380081177 55
1761992775209 0.44578471779823303 56
1761992776308 0.44754624366760254 57
1761992777375 0.43754786252975464 58
1761992778441 0.41724449396133423 59
1761992779534 0.4201376736164093 60
1761992780892 0.4117891192436218 61
1761992782027 0.3978867828845978 62
1761992783090 0.3759247660636902 63
1761992784309 0.37544557452201843 64
1761992785556 0.3632267415523529 65
1761992786789 0.3763302266597748 66
1761992788116 0.38495931029319763 67
1761992789272 0.3808501362800598 68
1761992790611 0.3666006326675415 69
1761992793213 0.35231682658195496 70
1761992794337 0.33479541540145874 71
1761992795570 0.3492092192173004 72
1761992796670 0.3608255684375763 73
1761992797820 0.359449177980423 74
1761992798903 0.3636308014392853 75
1761992800253 0.37436553835868835 76
1761992801336 0.3426535427570343 77
1761992802719 0.33758917450904846 78
1761992803803 0.3447103798389435 79
1761992804918 0.33803853392601013 80
1761992806051 0.33570095896720886 81
1761992807235 0.3296346366405487 82
1761992808301 0.3406459391117096 83
1761992809617 0.3157375752925873 84
1761992810767 0.343086302280426 85
1761992812074 0.332954466342926 86
1761992813133 0.33706387877464294 87
1761992814299 0.32161203026771545 88
1761992815399 0.3078463077545166 89
1761992816916 0.3388013541698456 90
1761992817998 0.3161540627479553 91
1761992819180 0.30242204666137695 92
1761992820276 0.3151153326034546 93
1761992821431 0.31994953751564026 94
1761992822582 0.3141598105430603 95
1761992823668 0.30167001485824585 96
1761992824847 0.3146333396434784 97
1761992825930 0.3158581554889679 98
1761992827113 0.32003623247146606 99
1761992706609 6.734058856964111 0
1761992838460 0.3078463077545166 100
