1761992706609 0.030274802818894386 0
1761992707744 0.04779806733131409 1
1761992708995 0.04893350228667259 2
1761992710194 0.05632823333144188 3
1761992711420 0.0686427429318428 4
1761992712698 0.0759606808423996 5
1761992713812 0.0863591730594635 6
1761992714958 0.0925726592540741 7
1761992716118 0.1068965494632721 8
1761992717223 0.11757269501686096 9
1761992718339 0.11826544255018234 10
1761992719538 0.1285310685634613 11
1761992720672 0.15112540125846863 12
1761992721788 0.13153961300849915 13
1761992723112 0.1389313042163849 14
1761992724222 0.15514333546161652 15
1761992725438 0.15566836297512054 16
1761992726553 0.15410958230495453 17
1761992727769 0.16544117033481598 18
1761992728895 0.1672794073820114 19
1761992730090 0.1592128872871399 20
1761992731235 0.15559440851211548 21
1761992732352 0.1487179547548294 22
1761992733852 0.14973261952400208 23
1761992734918 0.15059222280979156 24
1761992736103 0.15808171033859253 25
1761992737168 0.17712177336215973 26
1761992738286 0.1982942372560501 27
1761992739486 0.16512058675289154 28
1761992740550 0.1339869350194931 29
1761992741749 0.1484641581773758 30
1761992742800 0.16431094706058502 31
1761992744334 0.18799999356269836 32
1761992746399 0.19421488046646118 33
1761992747779 0.20541760325431824 34
1761992750314 0.1922290325164795 35
1761992751448 0.19341564178466797 36
1761992752831 0.20403587818145752 37
1761992753897 0.22355769574642181 38
1761992755147 0.21123595535755157 39
1761992756280 0.22828784584999084 40
1761992757514 0.21040189266204834 41
1761992758579 0.19957983493804932 42
1761992759760 0.20264317095279694 43
1761992760829 0.20794393122196198 44
1761992761995 0.21088434755802155 45
1761992763061 0.2201405167579651 46
1761992764160 0.21615201234817505 47
1761992765328 0.22727273404598236 48
1761992766677 0.2442748099565506 49
1761992767910 0.26628896594047546 50
1761992769060 0.2827380895614624 51
1761992770394 0.2777777910232544 52
1761992771477 0.2597765326499939 53
1761992772957 0.28106507658958435 54
1761992774092 0.26478874683380127 55
1761992775209 0.2638888955116272 56
1761992776308 0.269565224647522 57
1761992777375 0.26878613233566284 58
1761992778441 0.290909081697464 59
1761992779534 0.29230770468711853 60
1761992780892 0.29012346267700195 61
1761992782027 0.2987421452999115 62
1761992783090 0.3137255012989044 63
1761992784309 0.30254778265953064 64
1761992785556 0.3199999928474426 65
1761992786789 0.3095238208770752 66
1761992788116 0.30844154953956604 67
1761992789272 0.29320988059043884 68
1761992790611 0.31456953287124634 69
1761992793213 0.3287671208381653 70
1761992794337 0.32764506340026855 71
1761992795570 0.33691754937171936 72
1761992796670 0.30158731341362 73
1761992797820 0.31418919563293457 74
1761992798903 0.32517483830451965 75
1761992800253 0.3094462454319 76
1761992801336 0.33103448152542114 77
1761992802719 0.3381294906139374 78
1761992803803 0.35606059432029724 79
1761992804918 0.31893688440322876 80
1761992806051 0.32534247636795044 81
1761992807235 0.3467153310775757 82
1761992808301 0.30194804072380066 83
1761992809617 0.3298611044883728 84
1761992810767 0.32974910736083984 85
1761992812074 0.32517483830451965 86
1761992813133 0.3252595067024231 87
1761992814299 0.3298611044883728 88
1761992815399 0.3465704023838043 89
1761992816916 0.3056478500366211 90
1761992817998 0.3531598448753357 91
1761992819180 0.35849055647850037 92
1761992820276 0.33691754937171936 93
1761992821431 0.3393501937389374 94
1761992822582 0.3571428656578064 95
1761992823668 0.33922260999679565 96
1761992824847 0.35741445422172546 97
1761992825930 0.32094594836235046 98
1761992827113 0.3381294906139374 99
1761992706609 0.030274802818894386 0
1761992838460 0.3465704023838043 100
