1761992706609 0.6770833134651184 0
1761992707744 0.9270833134651184 1
1761992708995 0.8125 2
1761992710194 0.84375 3
1761992711420 0.9166666865348816 4
1761992712698 0.8854166865348816 5
1761992713812 0.9166666865348816 6
1761992714958 0.8958333134651184 7
1761992716118 0.96875 8
1761992717223 0.96875 9
1761992718339 0.9375 10
1761992719538 0.9479166865348816 11
1761992720672 0.9791666865348816 12
1761992721788 0.9166666865348816 13
1761992723112 0.9479166865348816 14
1761992724222 0.9583333134651184 15
1761992725438 0.9583333134651184 16
1761992726553 0.9375 17
1761992727769 0.9375 18
1761992728895 0.9479166865348816 19
1761992730090 0.9270833134651184 20
1761992731235 0.9270833134651184 21
1761992732352 0.90625 22
1761992733852 0.875 23
1761992734918 0.9270833134651184 24
1761992736103 0.9270833134651184 25
1761992737168 1.0 26
1761992738286 0.96875 27
1761992739486 0.9270833134651184 28
1761992740550 0.8541666865348816 29
1761992741749 0.90625 30
1761992742800 0.96875 31
1761992744334 0.9791666865348816 32
1761992746399 0.9791666865348816 33
1761992747779 0.9479166865348816 34
1761992750314 0.9791666865348816 35
1761992751448 0.9791666865348816 36
1761992752831 0.9479166865348816 37
1761992753897 0.96875 38
1761992755147 0.9791666865348816 39
1761992756280 0.9583333134651184 40
1761992757514 0.9270833134651184 41
1761992758579 0.9895833134651184 42
1761992759760 0.9583333134651184 43
1761992760829 0.9270833134651184 44
1761992761995 0.96875 45
1761992763061 0.9791666865348816 46
1761992764160 0.9479166865348816 47
1761992765328 0.9895833134651184 48
1761992766677 1.0 49
1761992767910 0.9791666865348816 50
1761992769060 0.9895833134651184 51
1761992770394 0.9895833134651184 52
1761992771477 0.96875 53
1761992772957 0.9895833134651184 54
1761992774092 0.9791666865348816 55
1761992775209 0.9895833134651184 56
1761992776308 0.96875 57
1761992777375 0.96875 58
1761992778441 1.0 59
1761992779534 0.9895833134651184 60
1761992780892 0.9791666865348816 61
1761992782027 0.9895833134651184 62
1761992783090 1.0 63
1761992784309 0.9895833134651184 64
1761992785556 1.0 65
1761992786789 0.9479166865348816 66
1761992788116 0.9895833134651184 67
1761992789272 0.9895833134651184 68
1761992790611 0.9895833134651184 69
1761992793213 1.0 70
1761992794337 1.0 71
1761992795570 0.9791666865348816 72
1761992796670 0.9895833134651184 73
1761992797820 0.96875 74
1761992798903 0.96875 75
1761992800253 0.9895833134651184 76
1761992801336 1.0 77
1761992802719 0.9791666865348816 78
1761992803803 0.9791666865348816 79
1761992804918 1.0 80
1761992806051 0.9895833134651184 81
1761992807235 0.9895833134651184 82
1761992808301 0.96875 83
1761992809617 0.9895833134651184 84
1761992810767 0.9583333134651184 85
1761992812074 0.96875 86
1761992813133 0.9791666865348816 87
1761992814299 0.9895833134651184 88
1761992815399 1.0 89
1761992816916 0.9583333134651184 90
1761992817998 0.9895833134651184 91
1761992819180 0.9895833134651184 92
1761992820276 0.9791666865348816 93
1761992821431 0.9791666865348816 94
1761992822582 0.9895833134651184 95
1761992823668 1.0 96
1761992824847 0.9791666865348816 97
1761992825930 0.9895833134651184 98
1761992827113 0.9791666865348816 99
1761992706609 0.6770833134651184 0
1761992838460 1.0 100
