1761996321236 0.6828792691230774 0
1761996324790 0.7751470804214478 1
1761996325889 0.8087767362594604 2
1761996327097 0.8144299983978271 3
1761996328174 0.8822494745254517 4
1761996329395 0.8958688974380493 5
1761996330487 0.9010254144668579 6
1761996331648 0.9169447422027588 7
1761996332731 0.9398013949394226 8
1761996333797 0.9244155883789062 9
1761996334847 0.9384759068489075 10
1761996335931 0.9442981481552124 11
1761996336996 0.9592827558517456 12
1761996338079 0.9481144547462463 13
1761996339246 0.9539498686790466 14
1761996340796 0.9666361808776855 15
1761996343512 0.9690932035446167 16
1761996344595 0.9737398624420166 17
1761996345658 0.9637677669525146 18
1761996346679 0.9753929972648621 19
1761996347728 0.968058705329895 20
1761996348794 0.9713958501815796 21
1761996349793 0.9806332588195801 22
1761996350810 0.9791285395622253 23
1761996351960 0.9815723299980164 24
1761996353093 0.9774988293647766 25
1761996354426 0.9820396900177002 26
1761996355742 0.9756986498832703 27
1761996356892 0.9768257737159729 28
1761996357975 0.9853739738464355 29
1761996359391 0.9823467135429382 30
1761996360692 0.98082435131073 31
1761996361828 0.9880675673484802 32
1761996362907 0.9814342856407166 33
1761996363990 0.9855238795280457 34
1761996365025 0.9812915921211243 35
1761996366057 0.9836518168449402 36
1761996367756 0.9798457622528076 37
1761996369809 0.9826186895370483 38
1761996370839 0.9809052348136902 39
1761996371872 0.983294665813446 40
1761996372988 0.9896487593650818 41
1761996374409 0.9881454110145569 42
1761996375506 0.9883040189743042 43
1761996376671 0.9889110922813416 44
1761996377871 0.9883291721343994 45
1761996379319 0.9880969524383545 46
1761996380555 0.9878456592559814 47
1761996381586 0.9908742904663086 48
1761996382869 0.9918325543403625 49
1761996384088 0.9834401607513428 50
1761996385119 0.9869508147239685 51
1761996386169 0.9870182871818542 52
1761996387217 0.9881469011306763 53
1761996388235 0.9909389615058899 54
1761996389295 0.9888507723808289 55
1761996390492 0.99099200963974 56
1761996391593 0.9913548231124878 57
1761996393017 0.9933856129646301 58
1761996394050 0.9909552931785583 59
1761996395092 0.993852972984314 60
1761996396267 0.9928815960884094 61
1761996397370 0.993625283241272 62
1761996398450 0.9946701526641846 63
1761996399499 0.9956238269805908 64
1761996400648 0.9919748902320862 65
1761996401682 0.9951828718185425 66
1761996402870 0.9961130619049072 67
1761996404231 0.9948787689208984 68
1761996405332 0.994480550289154 69
1761996406381 0.9936473369598389 70
1761996407431 0.9942734837532043 71
1761996408547 0.9924628734588623 72
1761996409697 0.9928903579711914 73
1761996410730 0.9918587803840637 74
1761996412080 0.9913915991783142 75
1761996413114 0.9956812262535095 76
1761996414153 0.9947083592414856 77
1761996415212 0.9955239295959473 78
1761996416249 0.9957987070083618 79
1761996417377 0.9929125905036926 80
1761996418412 0.9942777752876282 81
1761996321236 0.6828792691230774 0
1761996431391 0.9942734837532043 82
