1761996321236 0.0010000000474974513 0
1761996324790 0.0010000000474974513 1
1761996325889 0.0010000000474974513 2
1761996327097 0.0010000000474974513 3
1761996328174 0.0010000000474974513 4
1761996329395 0.0010000000474974513 5
1761996330487 0.0010000000474974513 6
1761996331648 0.0010000000474974513 7
1761996332731 0.0010000000474974513 8
1761996333797 0.0010000000474974513 9
1761996334847 0.0010000000474974513 10
1761996335931 0.0010000000474974513 11
1761996336996 0.0010000000474974513 12
1761996338079 0.0010000000474974513 13
1761996339246 0.0010000000474974513 14
1761996340796 0.0010000000474974513 15
1761996343512 0.0010000000474974513 16
1761996344595 0.0010000000474974513 17
1761996345658 0.0010000000474974513 18
1761996346679 0.0010000000474974513 19
1761996347728 0.0010000000474974513 20
1761996348794 0.0010000000474974513 21
1761996349793 0.0010000000474974513 22
1761996350810 0.0010000000474974513 23
1761996351960 0.0010000000474974513 24
1761996353093 0.0010000000474974513 25
1761996354426 0.0010000000474974513 26
1761996355742 0.0010000000474974513 27
1761996356892 0.0010000000474974513 28
1761996357975 0.0010000000474974513 29
1761996359391 0.0010000000474974513 30
1761996360692 0.0010000000474974513 31
1761996361828 0.0010000000474974513 32
1761996362907 0.0010000000474974513 33
1761996363990 0.0010000000474974513 34
1761996365025 0.0010000000474974513 35
1761996366057 0.0010000000474974513 36
1761996367756 0.0010000000474974513 37
1761996369809 0.0010000000474974513 38
1761996370839 0.0010000000474974513 39
1761996371872 0.0010000000474974513 40
1761996372988 0.0010000000474974513 41
1761996374409 0.0010000000474974513 42
1761996375506 0.0010000000474974513 43
1761996376671 0.0010000000474974513 44
1761996377871 0.0010000000474974513 45
1761996379319 0.0010000000474974513 46
1761996380555 0.0010000000474974513 47
1761996381586 0.0010000000474974513 48
1761996382869 0.0010000000474974513 49
1761996384088 0.0010000000474974513 50
1761996385119 0.0010000000474974513 51
1761996386169 0.0010000000474974513 52
1761996387217 0.0010000000474974513 53
1761996388235 0.0005000000237487257 54
1761996389295 0.0005000000237487257 55
1761996390492 0.0005000000237487257 56
1761996391593 0.0005000000237487257 57
1761996393017 0.0005000000237487257 58
1761996394050 0.0005000000237487257 59
1761996395092 0.0005000000237487257 60
1761996396267 0.0005000000237487257 61
1761996397370 0.0005000000237487257 62
1761996398450 0.0005000000237487257 63
1761996399499 0.0005000000237487257 64
1761996400648 0.0005000000237487257 65
1761996401682 0.0005000000237487257 66
1761996402870 0.0005000000237487257 67
1761996404231 0.0005000000237487257 68
1761996405332 0.0005000000237487257 69
1761996406381 0.0005000000237487257 70
1761996407431 0.0005000000237487257 71
1761996408547 0.0005000000237487257 72
1761996409697 0.0005000000237487257 73
1761996410730 0.0005000000237487257 74
1761996412080 0.0005000000237487257 75
1761996413114 0.0005000000237487257 76
1761996414153 0.0002500000118743628 77
1761996415212 0.0002500000118743628 78
1761996416249 0.0002500000118743628 79
1761996417377 0.0002500000118743628 80
1761996418412 0.0002500000118743628 81
1761996321236 0.0010000000474974513 0
1761996431391 0.0005000000237487257 82
