1761996321236 1.980385422706604 0
1761996324790 1.800786018371582 1
1761996325889 1.7346162796020508 2
1761996327097 1.6973135471343994 3
1761996328174 1.5880160331726074 4
1761996329395 1.5472362041473389 5
1761996330487 1.51701819896698 6
1761996331648 1.4681426286697388 7
1761996332731 1.401688575744629 8
1761996333797 1.4082553386688232 9
1761996334847 1.3578318357467651 10
1761996335931 1.325952172279358 11
1761996336996 1.2714709043502808 12
1761996338079 1.2756974697113037 13
1761996339246 1.2392884492874146 14
1761996340796 1.183688759803772 15
1761996343512 1.1550886631011963 16
1761996344595 1.1168147325515747 17
1761996345658 1.132860541343689 18
1761996346679 1.076353907585144 19
1761996347728 1.083803415298462 20
1761996348794 1.0511727333068848 21
1761996349793 0.9947131872177124 22
1761996350810 0.9799774289131165 23
1761996351960 0.954384446144104 24
1761996353093 0.9517911076545715 25
1761996354426 0.9232626557350159 26
1761996355742 0.9342435002326965 27
1761996356892 0.9099167585372925 28
1761996357975 0.851981520652771 29
1761996359391 0.8474304676055908 30
1761996360692 0.8499996662139893 31
1761996361828 0.793475329875946 32
1761996362907 0.8063662648200989 33
1761996363990 0.774755597114563 34
1761996365025 0.7880390882492065 35
1761996366057 0.7739599943161011 36
1761996367756 0.7755371928215027 37
1761996369809 0.7544722557067871 38
1761996370839 0.7540639042854309 39
1761996371872 0.7201654314994812 40
1761996372988 0.6792615056037903 41
1761996374409 0.670570433139801 42
1761996375506 0.6457700133323669 43
1761996376671 0.6433759331703186 44
1761996377871 0.6447723507881165 45
1761996379319 0.6394739747047424 46
1761996380555 0.6239891052246094 47
1761996381586 0.5922521948814392 48
1761996382869 0.5862423181533813 49
1761996384088 0.6389029622077942 50
1761996385119 0.6098482608795166 51
1761996386169 0.5933210253715515 52
1761996387217 0.5911902189254761 53
1761996388235 0.5650283694267273 54
1761996389295 0.5718541741371155 55
1761996390492 0.5561584234237671 56
1761996391593 0.5347516536712646 57
1761996393017 0.5164860486984253 58
1761996394050 0.5312516093254089 59
1761996395092 0.49726536870002747 60
1761996396267 0.4970932602882385 61
1761996397370 0.4861350953578949 62
1761996398450 0.4727478623390198 63
1761996399499 0.4599088132381439 64
1761996400648 0.48274990916252136 65
1761996401682 0.4483495354652405 66
1761996402870 0.43801337480545044 67
1761996404231 0.44937482476234436 68
1761996405332 0.4463059902191162 69
1761996406381 0.4577271044254303 70
1761996407431 0.44545915722846985 71
1761996408547 0.4574331045150757 72
1761996409697 0.43847641348838806 73
1761996410730 0.4616733193397522 74
1761996412080 0.4724304974079132 75
1761996413114 0.42531609535217285 76
1761996414153 0.42629972100257874 77
1761996415212 0.41421934962272644 78
1761996416249 0.41109970211982727 79
1761996417377 0.44141900539398193 80
1761996418412 0.4171171486377716 81
1761996321236 1.980385422706604 0
1761996431391 0.44545915722846985 82
