1761996321236 0.03713969141244888 0
1761996324790 0.042941175401210785 1
1761996325889 0.05088195204734802 2
1761996327097 0.05179557949304581 3
1761996328174 0.06220472604036331 4
1761996329395 0.07332155108451843 5
1761996330487 0.07827788591384888 6
1761996331648 0.09052183479070663 7
1761996332731 0.10012062638998032 8
1761996333797 0.10783055424690247 9
1761996334847 0.1099337711930275 10
1761996335931 0.1171548143029213 11
1761996336996 0.125 12
1761996338079 0.13063763082027435 13
1761996339246 0.14576271176338196 14
1761996340796 0.1555153727531433 15
1761996343512 0.1620626151561737 16
1761996344595 0.18669527769088745 17
1761996345658 0.1734693944454193 18
1761996346679 0.1792260706424713 19
1761996347728 0.18259023129940033 20
1761996348794 0.1862955093383789 21
1761996349793 0.19736842811107635 22
1761996350810 0.21921181678771973 23
1761996351960 0.22193877398967743 24
1761996353093 0.19864559173583984 25
1761996354426 0.24089635908603668 26
1761996355742 0.2153465300798416 27
1761996356892 0.20506912469863892 28
1761996357975 0.23821990191936493 29
1761996359391 0.2597014904022217 30
1761996360692 0.23324397206306458 31
1761996361828 0.24930748343467712 32
1761996362907 0.25356125831604004 33
1761996363990 0.25958701968193054 34
1761996365025 0.24362605810165405 35
1761996366057 0.25217390060424805 36
1761996367756 0.24495677649974823 37
1761996369809 0.239130437374115 38
1761996370839 0.23529411852359772 39
1761996371872 0.25 40
1761996372988 0.26023390889167786 41
1761996374409 0.2774193584918976 42
1761996375506 0.2993420958518982 43
1761996376671 0.29372936487197876 44
1761996377871 0.28431373834609985 45
1761996379319 0.2923588156700134 46
1761996380555 0.28431373834609985 47
1761996381586 0.3189964294433594 48
1761996382869 0.31578946113586426 49
1761996384088 0.2786885201931 50
1761996385119 0.2666666805744171 51
1761996386169 0.2852664589881897 52
1761996387217 0.2833876311779022 53
1761996388235 0.2899022698402405 54
1761996389295 0.29629629850387573 55
1761996390492 0.30633804202079773 56
1761996391593 0.3272727131843567 57
1761996393017 0.3448275923728943 58
1761996394050 0.30877193808555603 59
1761996395092 0.3629032373428345 60
1761996396267 0.36000001430511475 61
1761996397370 0.38034188747406006 62
1761996398450 0.3781512677669525 63
1761996399499 0.3930130898952484 64
1761996400648 0.343873530626297 65
1761996401682 0.38793104887008667 66
1761996402870 0.43478259444236755 67
1761996404231 0.390350878238678 68
1761996405332 0.3955555558204651 69
1761996406381 0.36213991045951843 70
1761996407431 0.4055299460887909 71
1761996408547 0.3682008385658264 72
1761996409697 0.37344399094581604 73
1761996410730 0.3534136414527893 74
1761996412080 0.35080644488334656 75
1761996413114 0.36399999260902405 76
1761996414153 0.4063926935195923 77
1761996415212 0.43478259444236755 78
1761996416249 0.4218009412288666 79
1761996417377 0.41826921701431274 80
1761996418412 0.3973214328289032 81
1761996321236 0.03713969141244888 0
1761996431391 0.4055299460887909 82
