1761996321236 0.7362637519836426 0
1761996324790 0.8021978139877319 1
1761996325889 0.8241758346557617 2
1761996327097 0.8241758346557617 3
1761996328174 0.8681318759918213 4
1761996329395 0.9120879173278809 5
1761996330487 0.8791208863258362 6
1761996331648 0.9340659379959106 7
1761996332731 0.9120879173278809 8
1761996333797 0.9230769276618958 9
1761996334847 0.9120879173278809 10
1761996335931 0.9230769276618958 11
1761996336996 1.0 12
1761996338079 0.9230769276618958 13
1761996339246 0.9450549483299255 14
1761996340796 0.9450549483299255 15
1761996343512 0.9670329689979553 16
1761996344595 0.9560439586639404 17
1761996345658 0.9340659379959106 18
1761996346679 0.9670329689979553 19
1761996347728 0.9450549483299255 20
1761996348794 0.9560439586639404 21
1761996349793 0.9890109896659851 22
1761996350810 0.9780219793319702 23
1761996351960 0.9560439586639404 24
1761996353093 0.9670329689979553 25
1761996354426 0.9450549483299255 26
1761996355742 0.9560439586639404 27
1761996356892 0.9780219793319702 28
1761996357975 1.0 29
1761996359391 0.9560439586639404 30
1761996360692 0.9560439586639404 31
1761996361828 0.9890109896659851 32
1761996362907 0.9780219793319702 33
1761996363990 0.9670329689979553 34
1761996365025 0.9450549483299255 35
1761996366057 0.9560439586639404 36
1761996367756 0.9340659379959106 37
1761996369809 0.9670329689979553 38
1761996370839 0.9230769276618958 39
1761996371872 0.9890109896659851 40
1761996372988 0.9780219793319702 41
1761996374409 0.9450549483299255 42
1761996375506 1.0 43
1761996376671 0.9780219793319702 44
1761996377871 0.9560439586639404 45
1761996379319 0.9670329689979553 46
1761996380555 0.9560439586639404 47
1761996381586 0.9780219793319702 48
1761996382869 0.9890109896659851 49
1761996384088 0.9340659379959106 50
1761996385119 0.9670329689979553 51
1761996386169 1.0 52
1761996387217 0.9560439586639404 53
1761996388235 0.9780219793319702 54
1761996389295 0.9670329689979553 55
1761996390492 0.9560439586639404 56
1761996391593 0.9890109896659851 57
1761996393017 0.9890109896659851 58
1761996394050 0.9670329689979553 59
1761996395092 0.9890109896659851 60
1761996396267 0.9890109896659851 61
1761996397370 0.9780219793319702 62
1761996398450 0.9890109896659851 63
1761996399499 0.9890109896659851 64
1761996400648 0.9560439586639404 65
1761996401682 0.9890109896659851 66
1761996402870 0.9890109896659851 67
1761996404231 0.9780219793319702 68
1761996405332 0.9780219793319702 69
1761996406381 0.9670329689979553 70
1761996407431 0.9670329689979553 71
1761996408547 0.9670329689979553 72
1761996409697 0.9890109896659851 73
1761996410730 0.9670329689979553 74
1761996412080 0.9560439586639404 75
1761996413114 1.0 76
1761996414153 0.9780219793319702 77
1761996415212 0.9890109896659851 78
1761996416249 0.9780219793319702 79
1761996417377 0.9560439586639404 80
1761996418412 0.9780219793319702 81
1761996321236 0.7362637519836426 0
1761996431391 0.9670329689979553 82
