1761992994885 0.6854448318481445 0
1761992995977 0.7760653495788574 1
1761992997109 0.7927994728088379 2
1761992998432 0.8345720171928406 3
1761992999558 0.8262103796005249 4
1761993000800 0.8023074269294739 5
1761993001920 0.8285507559776306 6
1761993003124 0.8338798880577087 7
1761993004258 0.8277018070220947 8
1761993005420 0.8392948508262634 9
1761993006587 0.8140112161636353 10
1761993007654 0.8871121406555176 11
1761993008768 0.8303170800209045 12
1761993010101 0.8689638376235962 13
1761993011204 0.882063090801239 14
1761993012385 0.860011100769043 15
1761993013749 0.8521774411201477 16
1761993014785 0.8616368770599365 17
1761993015930 0.8638041019439697 18
1761993017190 0.8701091408729553 19
1761993018367 0.8865793347358704 20
1761993019569 0.8493678569793701 21
1761993020749 0.8792722225189209 22
1761993021950 0.8811219930648804 23
1761993023065 0.8592442870140076 24
1761993024248 0.8825100064277649 25
1761993025382 0.8854789137840271 26
1761993026750 0.9062151312828064 27
1761993027829 0.8841332197189331 28
1761993029148 0.8918735384941101 29
1761993030214 0.874648928642273 30
1761993031416 0.8651037216186523 31
1761993032730 0.8826295137405396 32
1761993033980 0.8731340169906616 33
1761993035130 0.8844507336616516 34
1761993036314 0.8890565633773804 35
1761993037381 0.8671439290046692 36
1761993038546 0.8798161745071411 37
1761993039945 0.8548986315727234 38
1761993041180 0.879727840423584 39
1761993042445 0.9077550172805786 40
1761993043694 0.9133915305137634 41
1761993044984 0.903032124042511 42
1761993046094 0.9025740027427673 43
1761993047442 0.9071177244186401 44
1761993048493 0.8865917921066284 45
1761993049660 0.8986616134643555 46
1761993050843 0.9046180248260498 47
1761993052026 0.9077686667442322 48
1761993053093 0.9255223274230957 49
1761993054460 0.9149165153503418 50
1761993055592 0.9170289039611816 51
1761993056907 0.9058753252029419 52
1761993058174 0.9155600070953369 53
1761993059242 0.907422661781311 54
1761993060424 0.918525218963623 55
1761993061491 0.9303820729255676 56
1761993062770 0.9279597401618958 57
1761993063839 0.9380788803100586 58
1761993065042 0.9194861650466919 59
1761993066368 0.9296301603317261 60
1761993069022 0.9170774817466736 61
1761993070205 0.9417522549629211 62
1761993071344 0.9374775886535645 63
1761993072454 0.9265580177307129 64
1761993073823 0.9425764083862305 65
1761993074969 0.9281551241874695 66
1761993076170 0.9188128113746643 67
1761993077271 0.9397543668746948 68
1761993078353 0.9437204599380493 69
1761993079485 0.9320152997970581 70
1761993080569 0.9358581304550171 71
1761993081918 0.9404888153076172 72
1761993083252 0.93405681848526 73
1761993084335 0.9307505488395691 74
1761993085401 0.9361904263496399 75
1761993086485 0.9562470316886902 76
1761993087821 0.9505830407142639 77
1761993089029 0.9543747901916504 78
1761993090222 0.9470042586326599 79
1761992994885 0.6854448318481445 0
1761993101314 0.9437204599380493 80
