1761992994885 0.0010000000474974513 0
1761992995977 0.0010000000474974513 1
1761992997109 0.0010000000474974513 2
1761992998432 0.0010000000474974513 3
1761992999558 0.0010000000474974513 4
1761993000800 0.0010000000474974513 5
1761993001920 0.0010000000474974513 6
1761993003124 0.0010000000474974513 7
1761993004258 0.0010000000474974513 8
1761993005420 0.0010000000474974513 9
1761993006587 0.0010000000474974513 10
1761993007654 0.0010000000474974513 11
1761993008768 0.0010000000474974513 12
1761993010101 0.0010000000474974513 13
1761993011204 0.0010000000474974513 14
1761993012385 0.0010000000474974513 15
1761993013749 0.0010000000474974513 16
1761993014785 0.0010000000474974513 17
1761993015930 0.0010000000474974513 18
1761993017190 0.0010000000474974513 19
1761993018367 0.0010000000474974513 20
1761993019569 0.0010000000474974513 21
1761993020749 0.0010000000474974513 22
1761993021950 0.0010000000474974513 23
1761993023065 0.0010000000474974513 24
1761993024248 0.0010000000474974513 25
1761993025382 0.0010000000474974513 26
1761993026750 0.0010000000474974513 27
1761993027829 0.0010000000474974513 28
1761993029148 0.0010000000474974513 29
1761993030214 0.0010000000474974513 30
1761993031416 0.0010000000474974513 31
1761993032730 0.0010000000474974513 32
1761993033980 0.0010000000474974513 33
1761993035130 0.0010000000474974513 34
1761993036314 0.0010000000474974513 35
1761993037381 0.0010000000474974513 36
1761993038546 0.0010000000474974513 37
1761993039945 0.0010000000474974513 38
1761993041180 0.0010000000474974513 39
1761993042445 0.0005000000237487257 40
1761993043694 0.0005000000237487257 41
1761993044984 0.0005000000237487257 42
1761993046094 0.0005000000237487257 43
1761993047442 0.0005000000237487257 44
1761993048493 0.0005000000237487257 45
1761993049660 0.0005000000237487257 46
1761993050843 0.0005000000237487257 47
1761993052026 0.0005000000237487257 48
1761993053093 0.0005000000237487257 49
1761993054460 0.0005000000237487257 50
1761993055592 0.0005000000237487257 51
1761993056907 0.0005000000237487257 52
1761993058174 0.0005000000237487257 53
1761993059242 0.0005000000237487257 54
1761993060424 0.0005000000237487257 55
1761993061491 0.0002500000118743628 56
1761993062770 0.0002500000118743628 57
1761993063839 0.0002500000118743628 58
1761993065042 0.0002500000118743628 59
1761993066368 0.0002500000118743628 60
1761993069022 0.0002500000118743628 61
1761993070205 0.0002500000118743628 62
1761993071344 0.0002500000118743628 63
1761993072454 0.0002500000118743628 64
1761993073823 0.0002500000118743628 65
1761993074969 0.0002500000118743628 66
1761993076170 0.0002500000118743628 67
1761993077271 0.0002500000118743628 68
1761993078353 0.0002500000118743628 69
1761993079485 0.0002500000118743628 70
1761993080569 0.0002500000118743628 71
1761993081918 0.0002500000118743628 72
1761993083252 0.0002500000118743628 73
1761993084335 0.0002500000118743628 74
1761993085401 0.0001250000059371814 75
1761993086485 0.0001250000059371814 76
1761993087821 0.0001250000059371814 77
1761993089029 0.0001250000059371814 78
1761993090222 0.0001250000059371814 79
1761992994885 0.0010000000474974513 0
1761993101314 0.0002500000118743628 80
