1761992994885 47.92485046386719 0
1761992995977 29.63568878173828 1
1761992997109 17.35908317565918 2
1761992998432 10.33681869506836 3
1761992999558 6.712637901306152 4
1761993000800 5.334764003753662 5
1761993001920 3.8896753787994385 6
1761993003124 3.3600094318389893 7
1761993004258 2.978271007537842 8
1761993005420 2.544233798980713 9
1761993006587 2.5700433254241943 10
1761993007654 2.054914951324463 11
1761993008768 2.102529287338257 12
1761993010101 2.0202605724334717 13
1761993011204 1.737862467765808 14
1761993012385 1.809617519378662 15
1761993013749 1.844689130783081 16
1761993014785 1.8101880550384521 17
1761993015930 1.6949738264083862 18
1761993017190 1.5271022319793701 19
1761993018367 1.515013575553894 20
1761993019569 1.4885178804397583 21
1761993020749 1.6174595355987549 22
1761993021950 1.4340968132019043 23
1761993023065 1.4327441453933716 24
1761993024248 1.3508801460266113 25
1761993025382 1.3194018602371216 26
1761993026750 1.252266526222229 27
1761993027829 1.2822356224060059 28
1761993029148 1.3127602338790894 29
1761993030214 1.2972216606140137 30
1761993031416 1.2909736633300781 31
1761993032730 1.1668380498886108 32
1761993033980 1.2190779447555542 33
1761993035130 1.159048318862915 34
1761993036314 1.1533522605895996 35
1761993037381 1.2853978872299194 36
1761993038546 1.2219730615615845 37
1761993039945 1.3133277893066406 38
1761993041180 1.2040258646011353 39
1761993042445 1.0404131412506104 40
1761993043694 0.843890368938446 41
1761993044984 0.8811064958572388 42
1761993046094 0.8250864148139954 43
1761993047442 0.8550859093666077 44
1761993048493 0.8593897223472595 45
1761993049660 0.8280169367790222 46
1761993050843 0.7948154807090759 47
1761993052026 0.8080407977104187 48
1761993053093 0.7771663069725037 49
1761993054460 0.7627455592155457 50
1761993055592 0.7835996747016907 51
1761993056907 0.7810361981391907 52
1761993058174 0.7874417901039124 53
1761993059242 0.8216028213500977 54
1761993060424 0.8091189861297607 55
1761993061491 0.7026935815811157 56
1761993062770 0.6734566688537598 57
1761993063839 0.6113231182098389 58
1761993065042 0.6432338356971741 59
1761993066368 0.6334952712059021 60
1761993069022 0.6695271730422974 61
1761993070205 0.6108952760696411 62
1761993071344 0.5860111713409424 63
1761993072454 0.6343652606010437 64
1761993073823 0.5824936628341675 65
1761993074969 0.6224594712257385 66
1761993076170 0.6457416415214539 67
1761993077271 0.6143248081207275 68
1761993078353 0.5774800181388855 69
1761993079485 0.6183528900146484 70
1761993080569 0.6009606719017029 71
1761993081918 0.5905393958091736 72
1761993083252 0.61151522397995 73
1761993084335 0.62449049949646 74
1761993085401 0.6024728417396545 75
1761993086485 0.5264979004859924 76
1761993087821 0.5118409991264343 77
1761993089029 0.4925938546657562 78
1761993090222 0.5079814791679382 79
1761992994885 47.92485046386719 0
1761993101314 0.5774800181388855 80
