1761992994885 0.03714859485626221 0
1761992995977 0.04150525853037834 1
1761992997109 0.04901336878538132 2
1761992998432 0.055405404418706894 3
1761992999558 0.058371737599372864 4
1761993000800 0.05489259958267212 5
1761993001920 0.06265256553888321 6
1761993003124 0.06684491783380508 7
1761993004258 0.057096246629953384 8
1761993005420 0.06281407177448273 9
1761993006587 0.06340579688549042 10
1761993007654 0.0732797160744667 11
1761993008768 0.06493506580591202 12
1761993010101 0.07354260236024857 13
1761993011204 0.07459867745637894 14
1761993012385 0.07197696715593338 15
1761993013749 0.07230047136545181 16
1761993014785 0.07277882844209671 17
1761993015930 0.07290729135274887 18
1761993017190 0.07252946496009827 19
1761993018367 0.08137255162000656 20
1761993019569 0.07113821059465408 21
1761993020749 0.0810546875 22
1761993021950 0.07700101286172867 23
1761993023065 0.07163885980844498 24
1761993024248 0.07846889644861221 25
1761993025382 0.0795568972826004 26
1761993026750 0.08791209012269974 27
1761993027829 0.07884231209754944 28
1761993029148 0.08116232603788376 29
1761993030214 0.07804878056049347 30
1761993031416 0.07829534262418747 31
1761993032730 0.07809523493051529 32
1761993033980 0.07837582379579544 33
1761993035130 0.07984031736850739 34
1761993036314 0.0837537869811058 35
1761993037381 0.07639569044113159 36
1761993038546 0.07561437040567398 37
1761993039945 0.0732177272439003 38
1761993041180 0.07410795986652374 39
1761993042445 0.07949412614107132 40
1761993043694 0.0822179764509201 41
1761993044984 0.08212560415267944 42
1761993046094 0.07905138283967972 43
1761993047442 0.08050436526536942 44
1761993048493 0.07928641885519028 45
1761993049660 0.08039215952157974 46
1761993050843 0.08508508652448654 47
1761993052026 0.08753862231969833 48
1761993053093 0.09005235880613327 49
1761993054460 0.09299781173467636 50
1761993055592 0.09081309288740158 51
1761993056907 0.08919202536344528 52
1761993058174 0.08994708955287933 53
1761993059242 0.09444444626569748 54
1761993060424 0.09907834231853485 55
1761993061491 0.10078387707471848 56
1761993062770 0.10139860212802887 57
1761993063839 0.10781990736722946 58
1761993065042 0.09783845394849777 59
1761993066368 0.10187353938817978 60
1761993069022 0.09953703731298447 61
1761993070205 0.10352940857410431 62
1761993071344 0.10778442770242691 63
1761993072454 0.10444177687168121 64
1761993073823 0.10674846917390823 65
1761993074969 0.10855682939291 66
1761993076170 0.09551886469125748 67
1761993077271 0.10804321616888046 68
1761993078353 0.1080097109079361 69
1761993079485 0.1075129508972168 70
1761993080569 0.10837438702583313 71
1761993081918 0.11292346566915512 72
1761993083252 0.1143583208322525 73
1761993084335 0.10585305094718933 74
1761993085401 0.1071428582072258 75
1761993086485 0.12334217876195908 76
1761993087821 0.12068965286016464 77
1761993089029 0.12348993122577667 78
1761993090222 0.11968085169792175 79
1761992994885 0.03714859485626221 0
1761993101314 0.1080097109079361 80
