1761992994885 0.7708333134651184 0
1761992995977 0.78125 1
1761992997109 0.8020833134651184 2
1761992998432 0.8541666865348816 3
1761992999558 0.7916666865348816 4
1761993000800 0.71875 5
1761993001920 0.8020833134651184 6
1761993003124 0.78125 7
1761993004258 0.7291666865348816 8
1761993005420 0.78125 9
1761993006587 0.7291666865348816 10
1761993007654 0.8541666865348816 11
1761993008768 0.7291666865348816 12
1761993010101 0.8541666865348816 13
1761993011204 0.8229166865348816 14
1761993012385 0.78125 15
1761993013749 0.8020833134651184 16
1761993014785 0.8020833134651184 17
1761993015930 0.84375 18
1761993017190 0.8333333134651184 19
1761993018367 0.8645833134651184 20
1761993019569 0.7291666865348816 21
1761993020749 0.8645833134651184 22
1761993021950 0.7916666865348816 23
1761993023065 0.7604166865348816 24
1761993024248 0.8541666865348816 25
1761993025382 0.8229166865348816 26
1761993026750 0.9166666865348816 27
1761993027829 0.8229166865348816 28
1761993029148 0.84375 29
1761993030214 0.8333333134651184 30
1761993031416 0.8229166865348816 31
1761993032730 0.8541666865348816 32
1761993033980 0.8645833134651184 33
1761993035130 0.8333333134651184 34
1761993036314 0.8645833134651184 35
1761993037381 0.8125 36
1761993038546 0.8333333134651184 37
1761993039945 0.7916666865348816 38
1761993041180 0.84375 39
1761993042445 0.9166666865348816 40
1761993043694 0.8958333134651184 41
1761993044984 0.8854166865348816 42
1761993046094 0.8333333134651184 43
1761993047442 0.8645833134651184 44
1761993048493 0.8333333134651184 45
1761993049660 0.8541666865348816 46
1761993050843 0.8854166865348816 47
1761993052026 0.8854166865348816 48
1761993053093 0.8958333134651184 49
1761993054460 0.8854166865348816 50
1761993055592 0.8958333134651184 51
1761993056907 0.8854166865348816 52
1761993058174 0.8854166865348816 53
1761993059242 0.8854166865348816 54
1761993060424 0.8958333134651184 55
1761993061491 0.9375 56
1761993062770 0.90625 57
1761993063839 0.9479166865348816 58
1761993065042 0.8958333134651184 59
1761993066368 0.90625 60
1761993069022 0.8958333134651184 61
1761993070205 0.9166666865348816 62
1761993071344 0.9375 63
1761993072454 0.90625 64
1761993073823 0.90625 65
1761993074969 0.8854166865348816 66
1761993076170 0.84375 67
1761993077271 0.9375 68
1761993078353 0.9270833134651184 69
1761993079485 0.8645833134651184 70
1761993080569 0.9166666865348816 71
1761993081918 0.9375 72
1761993083252 0.9375 73
1761993084335 0.8854166865348816 74
1761993085401 0.875 75
1761993086485 0.96875 76
1761993087821 0.9479166865348816 77
1761993089029 0.9583333134651184 78
1761993090222 0.9375 79
1761992994885 0.7708333134651184 0
1761993101314 0.9270833134651184 80
