1760985935134 0.5457230806350708 0
1760985936120 0.6535916924476624 1
1760985937482 0.7318052649497986 2
1760985938844 0.7928875088691711 3
1760985939614 0.8243147730827332 4
1760985940352 0.8540878891944885 5
1760985941130 0.863067090511322 6
1760985941931 0.8487712740898132 7
1760985942722 0.8721644878387451 8
1760985944339 0.8890595436096191 9
1760985946260 0.9004017114639282 10
1760985947155 0.9027646780014038 11
1760985947962 0.9083175659179688 12
1760985949845 0.9245038032531738 13
1760985951948 0.9237949252128601 14
1760985952666 0.9298204183578491 15
1760985953415 0.9289934039115906 16
1760985954761 0.9242674708366394 17
1760985955603 0.9386814832687378 18
1760985956298 0.9313563108444214 19
1760985957021 0.9380907416343689 20
1760985957815 0.9389177560806274 21
1760985958677 0.9411625862121582 22
1760985959388 0.9484876990318298 23
1760985960104 0.9509688019752502 24
1760985960840 0.9542769193649292 25
1760985962269 0.9633743166923523 26
1760985962999 0.9598298668861389 27
1760985963714 0.9637287259101868 28
1760985964428 0.9664461016654968 29
1760985965135 0.9660916924476624 30
1760985965834 0.9653828144073486 31
1760985935134 0.5457230806350708 0
1760986070047 0.9389177560806274 32
