1760985935134 0.0010000000474974513 0
1760985936120 0.0010000000474974513 1
1760985937482 0.0010000000474974513 2
1760985938844 0.0010000000474974513 3
1760985939614 0.0010000000474974513 4
1760985940352 0.0010000000474974513 5
1760985941130 0.0010000000474974513 6
1760985941931 0.0010000000474974513 7
1760985942722 0.0005000000237487257 8
1760985944339 0.0005000000237487257 9
1760985946260 0.0005000000237487257 10
1760985947155 0.0005000000237487257 11
1760985947962 0.0005000000237487257 12
1760985949845 0.0005000000237487257 13
1760985951948 0.0005000000237487257 14
1760985952666 0.0005000000237487257 15
1760985953415 0.0005000000237487257 16
1760985954761 0.0005000000237487257 17
1760985955603 0.0005000000237487257 18
1760985956298 0.0005000000237487257 19
1760985957021 0.0005000000237487257 20
1760985957815 0.0005000000237487257 21
1760985958677 0.0005000000237487257 22
1760985959388 0.0005000000237487257 23
1760985960104 0.0005000000237487257 24
1760985960840 0.0005000000237487257 25
1760985962269 0.0005000000237487257 26
1760985962999 0.0002500000118743628 27
1760985963714 0.0002500000118743628 28
1760985964428 0.0002500000118743628 29
1760985965135 0.0002500000118743628 30
1760985965834 0.0002500000118743628 31
1760985935134 0.0010000000474974513 0
1760986070047 0.0005000000237487257 32
