1760985935134 0.6281518340110779 0
1760985936120 0.47120150923728943 1
1760985937482 0.3952030837535858 2
1760985938844 0.3864721953868866 3
1760985939614 0.30666372179985046 4
1760985940352 0.2819165289402008 5
1760985941130 0.2936704754829407 6
1760985941931 0.3004782497882843 7
1760985942722 0.2422941029071808 8
1760985944339 0.21294070780277252 9
1760985946260 0.20537608861923218 10
1760985947155 0.1845090538263321 11
1760985947962 0.19682472944259644 12
1760985949845 0.15734487771987915 13
1760985951948 0.15200188755989075 14
1760985952666 0.15514765679836273 15
1760985953415 0.1609465777873993 16
1760985954761 0.15922462940216064 17
1760985955603 0.12920807301998138 18
1760985956298 0.13943332433700562 19
1760985957021 0.14032940566539764 20
1760985957815 0.1458486020565033 21
1760985958677 0.12071138620376587 22
1760985959388 0.10866571962833405 23
1760985960104 0.1120801717042923 24
1760985960840 0.09035705775022507 25
1760985962269 0.08514856547117233 26
1760985962999 0.0873778685927391 27
1760985963714 0.09543795138597488 28
1760985964428 0.09580383449792862 29
1760985965135 0.07374157756567001 30
1760985965834 0.07439344376325607 31
1760985935134 0.6281518340110779 0
1760986070047 0.1458486020565033 32
