1761995504754 0.5629717707633972 0
1761995506281 0.7828420996665955 1
1761995507424 0.8366581797599792 2
1761995508561 0.8654049038887024 3
1761995509708 0.8877220749855042 4
1761995510865 0.9300322532653809 5
1761995512463 0.9261820316314697 6
1761995513681 0.9407676458358765 7
1761995515001 0.9502469897270203 8
1761995516136 0.957476794719696 9
1761995517261 0.9602068066596985 10
1761995518398 0.9569253921508789 11
1761995519630 0.9635217785835266 12
1761995520794 0.9672313332557678 13
1761995521997 0.9684674143791199 14
1761995523115 0.9768861532211304 15
1761995524190 0.9754359722137451 16
1761995525360 0.9806380867958069 17
1761995526415 0.9706769585609436 18
1761995527559 0.977202296257019 19
1761995528782 0.9801562428474426 20
1761995529993 0.9829658269882202 21
1761995531270 0.9834139943122864 22
1761995532449 0.9842281341552734 23
1761995533756 0.984991192817688 24
1761995534993 0.9878816604614258 25
1761995536205 0.9865882396697998 26
1761995537471 0.9830766916275024 27
1761995538833 0.9854331612586975 28
1761995540189 0.9849500060081482 29
1761995541314 0.9835149049758911 30
1761995542423 0.9848592877388 31
1761995543517 0.9857156872749329 32
1761995544658 0.9849128127098083 33
1761995545807 0.9894302487373352 34
1761995546949 0.9927489757537842 35
1761995548344 0.9939177632331848 36
1761995549786 0.9942788481712341 37
1761995550895 0.9909314513206482 38
1761995552262 0.9910310506820679 39
1761995553421 0.9911767244338989 40
1761995554603 0.9932431578636169 41
1761995555774 0.9948662519454956 42
1761995557136 0.993537962436676 43
1761995558402 0.9907000064849854 44
1761995561152 0.9945314526557922 45
1761995562235 0.9940944314002991 46
1761995563585 0.9944083094596863 47
1761995564686 0.9958833456039429 48
1761995565836 0.9937422275543213 49
1761995566949 0.9917207360267639 50
1761995568034 0.9918076395988464 51
1761995569148 0.992949366569519 52
1761995570960 0.9968008399009705 53
1761995573016 0.9942464828491211 54
1761995574164 0.9955523610115051 55
1761995575331 0.9946061968803406 56
1761995576815 0.992268443107605 57
1761995577899 0.9972888827323914 58
1761995579154 0.9958696961402893 59
1761995580252 0.9950792789459229 60
1761995581497 0.9968169927597046 61
1761995582764 0.9967671632766724 62
1761995583847 0.9962257742881775 63
1761995585047 0.9967460632324219 64
1761995586130 0.9950917363166809 65
1761995587480 0.9966377019882202 66
1761995588647 0.9952412247657776 67
1761995589979 0.9971320033073425 68
1761995591362 0.9968866109848022 69
1761995592595 0.9954439997673035 70
1761995593678 0.9970037341117859 71
1761995594878 0.9969726204872131 72
1761995596027 0.9971593618392944 73
1761995597378 0.9970871210098267 74
1761995598524 0.9970535635948181 75
1761995600422 0.9969364404678345 76
1761995601576 0.9972091317176819 77
1761995602659 0.9970870614051819 78
1761995603777 0.9974780678749084 79
1761995604926 0.9963215589523315 80
1761995606042 0.9980331659317017 81
1761995607141 0.9981276988983154 82
1761995608318 0.9970921874046326 83
1761995609541 0.9981202483177185 84
1761995610642 0.9971556067466736 85
1761995611842 0.997407078742981 86
1761995612942 0.9961024522781372 87
1761995614224 0.9976287484169006 88
1761995615323 0.9969326257705688 89
1761995616656 0.9972066879272461 90
1761995617840 0.997707188129425 91
1761995618924 0.9981663823127747 92
1761995620105 0.9978827238082886 93
1761995504754 0.5629717707633972 0
1761995632971 0.9970921874046326 94
