1761995504754 0.0010000000474974513 0
1761995506281 0.0010000000474974513 1
1761995507424 0.0010000000474974513 2
1761995508561 0.0010000000474974513 3
1761995509708 0.0010000000474974513 4
1761995510865 0.0010000000474974513 5
1761995512463 0.0010000000474974513 6
1761995513681 0.0010000000474974513 7
1761995515001 0.0010000000474974513 8
1761995516136 0.0010000000474974513 9
1761995517261 0.0010000000474974513 10
1761995518398 0.0010000000474974513 11
1761995519630 0.0010000000474974513 12
1761995520794 0.0010000000474974513 13
1761995521997 0.0010000000474974513 14
1761995523115 0.0010000000474974513 15
1761995524190 0.0010000000474974513 16
1761995525360 0.0010000000474974513 17
1761995526415 0.0010000000474974513 18
1761995527559 0.0010000000474974513 19
1761995528782 0.0010000000474974513 20
1761995529993 0.0010000000474974513 21
1761995531270 0.0010000000474974513 22
1761995532449 0.0010000000474974513 23
1761995533756 0.0010000000474974513 24
1761995534993 0.0010000000474974513 25
1761995536205 0.0010000000474974513 26
1761995537471 0.0010000000474974513 27
1761995538833 0.0010000000474974513 28
1761995540189 0.0010000000474974513 29
1761995541314 0.0010000000474974513 30
1761995542423 0.0010000000474974513 31
1761995543517 0.0010000000474974513 32
1761995544658 0.0005000000237487257 33
1761995545807 0.0005000000237487257 34
1761995546949 0.0005000000237487257 35
1761995548344 0.0005000000237487257 36
1761995549786 0.0005000000237487257 37
1761995550895 0.0005000000237487257 38
1761995552262 0.0005000000237487257 39
1761995553421 0.0005000000237487257 40
1761995554603 0.0005000000237487257 41
1761995555774 0.0005000000237487257 42
1761995557136 0.0005000000237487257 43
1761995558402 0.0005000000237487257 44
1761995561152 0.0005000000237487257 45
1761995562235 0.0005000000237487257 46
1761995563585 0.0005000000237487257 47
1761995564686 0.0005000000237487257 48
1761995565836 0.0005000000237487257 49
1761995566949 0.0005000000237487257 50
1761995568034 0.0005000000237487257 51
1761995569148 0.0002500000118743628 52
1761995570960 0.0002500000118743628 53
1761995573016 0.0002500000118743628 54
1761995574164 0.0002500000118743628 55
1761995575331 0.0002500000118743628 56
1761995576815 0.0002500000118743628 57
1761995577899 0.0002500000118743628 58
1761995579154 0.0002500000118743628 59
1761995580252 0.0002500000118743628 60
1761995581497 0.0002500000118743628 61
1761995582764 0.0001250000059371814 62
1761995583847 0.0001250000059371814 63
1761995585047 0.0001250000059371814 64
1761995586130 0.0001250000059371814 65
1761995587480 0.0001250000059371814 66
1761995588647 0.0001250000059371814 67
1761995589979 0.0001250000059371814 68
1761995591362 0.0001250000059371814 69
1761995592595 0.0001250000059371814 70
1761995593678 0.0001250000059371814 71
1761995594878 0.0001250000059371814 72
1761995596027 0.0001250000059371814 73
1761995597378 0.0001250000059371814 74
1761995598524 0.0001250000059371814 75
1761995600422 0.0001250000059371814 76
1761995601576 0.0001250000059371814 77
1761995602659 0.0001250000059371814 78
1761995603777 0.0001250000059371814 79
1761995604926 0.0001250000059371814 80
1761995606042 0.0001250000059371814 81
1761995607141 0.0001250000059371814 82
1761995608318 0.0001250000059371814 83
1761995609541 0.0001250000059371814 84
1761995610642 0.0001250000059371814 85
1761995611842 0.0001250000059371814 86
1761995612942 0.0001250000059371814 87
1761995614224 0.0001250000059371814 88
1761995615323 6.25000029685907e-05 89
1761995616656 6.25000029685907e-05 90
1761995617840 6.25000029685907e-05 91
1761995618924 6.25000029685907e-05 92
1761995620105 6.25000029685907e-05 93
1761995504754 0.0010000000474974513 0
1761995632971 0.0001250000059371814 94
