1761995504754 2.211280345916748 0
1761995506281 1.946394920349121 1
1761995507424 1.8530417680740356 2
1761995508561 1.787282943725586 3
1761995509708 1.72805917263031 4
1761995510865 1.6294140815734863 5
1761995512463 1.5917787551879883 6
1761995513681 1.5292328596115112 7
1761995515001 1.475253701210022 8
1761995516136 1.4202065467834473 9
1761995517261 1.3834576606750488 10
1761995518398 1.3596922159194946 11
1761995519630 1.309762716293335 12
1761995520794 1.2654800415039062 13
1761995521997 1.2297511100769043 14
1761995523115 1.1756924390792847 15
1761995524190 1.1514335870742798 16
1761995525360 1.0950723886489868 17
1761995526415 1.1143579483032227 18
1761995527559 1.0609163045883179 19
1761995528782 1.0329009294509888 20
1761995529993 0.9928635358810425 21
1761995531270 0.9591153264045715 22
1761995532449 0.9300066828727722 23
1761995533756 0.9060633182525635 24
1761995534993 0.8640038967132568 25
1761995536205 0.8493781685829163 26
1761995537471 0.852820634841919 27
1761995538833 0.8197095394134521 28
1761995540189 0.7968584895133972 29
1761995541314 0.7991498112678528 30
1761995542423 0.776430606842041 31
1761995543517 0.7657613754272461 32
1761995544658 0.759735643863678 33
1761995545807 0.7146555781364441 34
1761995546949 0.6778672337532043 35
1761995548344 0.6592483520507812 36
1761995549786 0.6444833278656006 37
1761995550895 0.650152325630188 38
1761995552262 0.640764594078064 39
1761995553421 0.6348300576210022 40
1761995554603 0.6027827262878418 41
1761995555774 0.5839787721633911 42
1761995557136 0.5823746919631958 43
1761995558402 0.5885897278785706 44
1761995561152 0.5684940218925476 45
1761995562235 0.5559703707695007 46
1761995563585 0.5459550023078918 47
1761995564686 0.525235116481781 48
1761995565836 0.5285833477973938 49
1761995566949 0.5491229891777039 50
1761995568034 0.545452892780304 51
1761995569148 0.5251029133796692 52
1761995570960 0.4923868179321289 53
1761995573016 0.49775516986846924 54
1761995574164 0.4841945171356201 55
1761995575331 0.4948101341724396 56
1761995576815 0.5010830760002136 57
1761995577899 0.46522966027259827 58
1761995579154 0.46550455689430237 59
1761995580252 0.46677106618881226 60
1761995581497 0.4553678333759308 61
1761995582764 0.44874003529548645 62
1761995583847 0.44701212644577026 63
1761995585047 0.44451120495796204 64
1761995586130 0.4530070126056671 65
1761995587480 0.4401133954524994 66
1761995588647 0.4562322497367859 67
1761995589979 0.4279138445854187 68
1761995591362 0.4288331866264343 69
1761995592595 0.4408476948738098 70
1761995593678 0.4184303879737854 71
1761995594878 0.4223553538322449 72
1761995596027 0.418631374835968 73
1761995597378 0.41663867235183716 74
1761995598524 0.41270911693573 75
1761995600422 0.41165801882743835 76
1761995601576 0.40530523657798767 77
1761995602659 0.4114888310432434 78
1761995603777 0.40004247426986694 79
1761995604926 0.4055699408054352 80
1761995606042 0.39075854420661926 81
1761995607141 0.38875502347946167 82
1761995608318 0.39557236433029175 83
1761995609541 0.3820478618144989 84
1761995610642 0.39552927017211914 85
1761995611842 0.3874691426753998 86
1761995612942 0.40466129779815674 87
1761995614224 0.38722655177116394 88
1761995615323 0.38810768723487854 89
1761995616656 0.3866793215274811 90
1761995617840 0.38192489743232727 91
1761995618924 0.3800690770149231 92
1761995620105 0.37341833114624023 93
1761995504754 2.211280345916748 0
1761995632971 0.39557236433029175 94
