1761995504754 0.026218950748443604 0
1761995506281 0.04325955733656883 1
1761995507424 0.04895104840397835 2
1761995508561 0.05533333495259285 3
1761995509708 0.0647590383887291 4
1761995510865 0.07853402942419052 5
1761995512463 0.09109731018543243 6
1761995513681 0.09945355355739594 7
1761995515001 0.11055900901556015 8
1761995516136 0.12834978103637695 9
1761995517261 0.13509544730186462 10
1761995518398 0.13814756274223328 11
1761995519630 0.14375987648963928 12
1761995520794 0.1588946431875229 13
1761995521997 0.16192170977592468 14
1761995523115 0.17543859779834747 15
1761995524190 0.18108652532100677 16
1761995525360 0.20879121124744415 17
1761995526415 0.2044943869113922 18
1761995527559 0.19327731430530548 19
1761995528782 0.19117647409439087 20
1761995529993 0.2271604984998703 21
1761995531270 0.22117647528648376 22
1761995532449 0.24607330560684204 23
1761995533756 0.2348484843969345 24
1761995534993 0.2473958283662796 25
1761995536205 0.28797468543052673 26
1761995537471 0.23173803091049194 27
1761995538833 0.2568306028842926 28
1761995540189 0.25066667795181274 29
1761995541314 0.2527472674846649 30
1761995542423 0.24040921032428741 31
1761995543517 0.2651296854019165 32
1761995544658 0.23232322931289673 33
1761995545807 0.28834354877471924 34
1761995546949 0.3106796145439148 35
1761995548344 0.30158731341362 36
1761995549786 0.3321554660797119 37
1761995550895 0.31147539615631104 38
1761995552262 0.3357400596141815 39
1761995553421 0.30921053886413574 40
1761995554603 0.35164836049079895 41
1761995555774 0.33922260999679565 42
1761995557136 0.3394160568714142 43
1761995558402 0.3368421196937561 44
1761995561152 0.33818182349205017 45
1761995562235 0.3629343509674072 46
1761995563585 0.35877862572669983 47
1761995564686 0.3706563711166382 48
1761995565836 0.3657587468624115 49
1761995566949 0.3457249104976654 50
1761995568034 0.3252595067024231 51
1761995569148 0.33449476957321167 52
1761995570960 0.380952388048172 53
1761995573016 0.38866397738456726 54
1761995574164 0.37354084849357605 55
1761995575331 0.3657587468624115 56
1761995576815 0.37751004099845886 57
1761995577899 0.3799999952316284 58
1761995579154 0.39419087767601013 59
1761995580252 0.39094650745391846 60
1761995581497 0.3974895477294922 61
1761995582764 0.41558441519737244 62
1761995583847 0.4067796468734741 63
1761995585047 0.43119266629219055 64
1761995586130 0.43317973613739014 65
1761995587480 0.44186046719551086 66
1761995588647 0.4266054928302765 67
1761995589979 0.4266666769981384 68
1761995591362 0.4324324429035187 69
1761995592595 0.40084388852119446 70
1761995593678 0.4444444477558136 71
1761995594878 0.4272727370262146 72
1761995596027 0.45673078298568726 73
1761995597378 0.44186046719551086 74
1761995598524 0.4377880096435547 75
1761995600422 0.46568626165390015 76
1761995601576 0.4465116262435913 77
1761995602659 0.4170403480529785 78
1761995603777 0.48969072103500366 79
1761995604926 0.467980295419693 80
1761995606042 0.4947916567325592 81
1761995607141 0.5053191781044006 82
1761995608318 0.4871794879436493 83
1761995609541 0.4752475321292877 84
1761995610642 0.46116504073143005 85
1761995611842 0.5163043737411499 86
1761995612942 0.4532019793987274 87
1761995614224 0.4571428596973419 88
1761995615323 0.5053191781044006 89
1761995616656 0.4747474789619446 90
1761995617840 0.48704662919044495 91
1761995618924 0.49735450744628906 92
1761995620105 0.47979798913002014 93
1761995504754 0.026218950748443604 0
1761995632971 0.4871794879436493 94
