1761995504754 0.59375 0
1761995506281 0.8958333134651184 1
1761995507424 0.875 2
1761995508561 0.8645833134651184 3
1761995509708 0.8958333134651184 4
1761995510865 0.9375 5
1761995512463 0.9166666865348816 6
1761995513681 0.9479166865348816 7
1761995515001 0.9270833134651184 8
1761995516136 0.9479166865348816 9
1761995517261 0.9583333134651184 10
1761995518398 0.9166666865348816 11
1761995519630 0.9479166865348816 12
1761995520794 0.9583333134651184 13
1761995521997 0.9479166865348816 14
1761995523115 0.9375 15
1761995524190 0.9375 16
1761995525360 0.9895833134651184 17
1761995526415 0.9479166865348816 18
1761995527559 0.9583333134651184 19
1761995528782 0.9479166865348816 20
1761995529993 0.9583333134651184 21
1761995531270 0.9791666865348816 22
1761995532449 0.9791666865348816 23
1761995533756 0.96875 24
1761995534993 0.9895833134651184 25
1761995536205 0.9479166865348816 26
1761995537471 0.9583333134651184 27
1761995538833 0.9791666865348816 28
1761995540189 0.9791666865348816 29
1761995541314 0.9583333134651184 30
1761995542423 0.9791666865348816 31
1761995543517 0.9583333134651184 32
1761995544658 0.9583333134651184 33
1761995545807 0.9791666865348816 34
1761995546949 1.0 35
1761995548344 0.9895833134651184 36
1761995549786 0.9791666865348816 37
1761995550895 0.9895833134651184 38
1761995552262 0.96875 39
1761995553421 0.9791666865348816 40
1761995554603 1.0 41
1761995555774 1.0 42
1761995557136 0.96875 43
1761995558402 1.0 44
1761995561152 0.96875 45
1761995562235 0.9791666865348816 46
1761995563585 0.9791666865348816 47
1761995564686 1.0 48
1761995565836 0.9791666865348816 49
1761995566949 0.96875 50
1761995568034 0.9791666865348816 51
1761995569148 1.0 52
1761995570960 1.0 53
1761995573016 1.0 54
1761995574164 1.0 55
1761995575331 0.9791666865348816 56
1761995576815 0.9791666865348816 57
1761995577899 0.9895833134651184 58
1761995579154 0.9895833134651184 59
1761995580252 0.9895833134651184 60
1761995581497 0.9895833134651184 61
1761995582764 1.0 62
1761995583847 1.0 63
1761995585047 0.9791666865348816 64
1761995586130 0.9791666865348816 65
1761995587480 0.9895833134651184 66
1761995588647 0.96875 67
1761995589979 1.0 68
1761995591362 1.0 69
1761995592595 0.9895833134651184 70
1761995593678 1.0 71
1761995594878 0.9791666865348816 72
1761995596027 0.9895833134651184 73
1761995597378 0.9895833134651184 74
1761995598524 0.9895833134651184 75
1761995600422 0.9895833134651184 76
1761995601576 1.0 77
1761995602659 0.96875 78
1761995603777 0.9895833134651184 79
1761995604926 0.9895833134651184 80
1761995606042 0.9895833134651184 81
1761995607141 0.9895833134651184 82
1761995608318 0.9895833134651184 83
1761995609541 1.0 84
1761995610642 0.9895833134651184 85
1761995611842 0.9895833134651184 86
1761995612942 0.9583333134651184 87
1761995614224 1.0 88
1761995615323 0.9895833134651184 89
1761995616656 0.9791666865348816 90
1761995617840 0.9791666865348816 91
1761995618924 0.9791666865348816 92
1761995620105 0.9895833134651184 93
1761995504754 0.59375 0
1761995632971 0.9895833134651184 94
