1761996055577 0.7023669481277466 0
1761996056696 0.8106016516685486 1
1761996057831 0.827384352684021 2
1761996059086 0.8914964199066162 3
1761996062429 0.8838930130004883 4
1761996063820 0.9009757041931152 5
1761996064907 0.9253430366516113 6
1761996066440 0.9397692680358887 7
1761996067540 0.942094624042511 8
1761996068639 0.9373729825019836 9
1761996069858 0.9594947099685669 10
1761996070958 0.9742558598518372 11
1761996072072 0.9649333953857422 12
1761996073188 0.9638192653656006 13
1761996074438 0.9667508006095886 14
1761996075538 0.9566615223884583 15
1761996076587 0.9761081337928772 16
1761996077954 0.9802371859550476 17
1761996079152 0.9745582938194275 18
1761996080620 0.9771239757537842 19
1761996081685 0.9817471504211426 20
1761996082752 0.9809728860855103 21
1761996084169 0.9820595979690552 22
1761996085269 0.9840064644813538 23
1761996086385 0.9828163981437683 24
1761996087702 0.9847434759140015 25
1761996088770 0.9854953289031982 26
1761996089884 0.9851567149162292 27
1761996091101 0.9835546612739563 28
1761996092551 0.9826359152793884 29
1761996093684 0.9823758006095886 30
1761996094826 0.9869928956031799 31
1761996096319 0.9886037111282349 32
1761996097366 0.9862210154533386 33
1761996098720 0.9866592884063721 34
1761996099833 0.9879002571105957 35
1761996100982 0.9781084656715393 36
1761996102082 0.9856446981430054 37
1761996103165 0.9882064461708069 38
1761996104381 0.9870226979255676 39
1761996105448 0.982988178730011 40
1761996106847 0.985156774520874 41
1761996107930 0.9890406727790833 42
1761996109130 0.9851766228675842 43
1761996110213 0.9903078675270081 44
1761996111430 0.9867937564849854 45
1761996112479 0.9875069856643677 46
1761996113714 0.9917130470275879 47
1761996114846 0.9875916838645935 48
1761996116279 0.9914581179618835 49
1761996117347 0.9912863373756409 50
1761996118688 0.9855663180351257 51
1761996119745 0.9881343841552734 52
1761996120928 0.9858076572418213 53
1761996121994 0.9907661080360413 54
1761996123061 0.9912139773368835 55
1761996124410 0.9937061667442322 56
1761996125708 0.9922934174537659 57
1761996127126 0.9928834438323975 58
1761996128194 0.992095410823822 59
1761996129526 0.9928722381591797 60
1761996130642 0.9951814413070679 61
1761996131875 0.9952622056007385 62
1761996132992 0.9955771565437317 63
1761996134241 0.995416522026062 64
1761996135307 0.9939887523651123 65
1761996136475 0.9919148087501526 66
1761996137541 0.9918413162231445 67
1761996138774 0.9934472441673279 68
1761996140173 0.9910498261451721 69
1761996141240 0.9962979555130005 70
1761996142306 0.9949473738670349 71
1761996143373 0.9957724809646606 72
1761996144457 0.9953307509422302 73
1761996055577 0.7023669481277466 0
1761996161103 0.9955771565437317 74
