1761996055577 0.0010000000474974513 0
1761996056696 0.0010000000474974513 1
1761996057831 0.0010000000474974513 2
1761996059086 0.0010000000474974513 3
1761996062429 0.0010000000474974513 4
1761996063820 0.0010000000474974513 5
1761996064907 0.0010000000474974513 6
1761996066440 0.0010000000474974513 7
1761996067540 0.0010000000474974513 8
1761996068639 0.0010000000474974513 9
1761996069858 0.0010000000474974513 10
1761996070958 0.0010000000474974513 11
1761996072072 0.0010000000474974513 12
1761996073188 0.0010000000474974513 13
1761996074438 0.0010000000474974513 14
1761996075538 0.0010000000474974513 15
1761996076587 0.0010000000474974513 16
1761996077954 0.0010000000474974513 17
1761996079152 0.0010000000474974513 18
1761996080620 0.0010000000474974513 19
1761996081685 0.0010000000474974513 20
1761996082752 0.0010000000474974513 21
1761996084169 0.0010000000474974513 22
1761996085269 0.0010000000474974513 23
1761996086385 0.0010000000474974513 24
1761996087702 0.0010000000474974513 25
1761996088770 0.0010000000474974513 26
1761996089884 0.0010000000474974513 27
1761996091101 0.0010000000474974513 28
1761996092551 0.0010000000474974513 29
1761996093684 0.0010000000474974513 30
1761996094826 0.0010000000474974513 31
1761996096319 0.0010000000474974513 32
1761996097366 0.0010000000474974513 33
1761996098720 0.0010000000474974513 34
1761996099833 0.0010000000474974513 35
1761996100982 0.0010000000474974513 36
1761996102082 0.0010000000474974513 37
1761996103165 0.0010000000474974513 38
1761996104381 0.0010000000474974513 39
1761996105448 0.0010000000474974513 40
1761996106847 0.0010000000474974513 41
1761996107930 0.0010000000474974513 42
1761996109130 0.0010000000474974513 43
1761996110213 0.0010000000474974513 44
1761996111430 0.0010000000474974513 45
1761996112479 0.0010000000474974513 46
1761996113714 0.0010000000474974513 47
1761996114846 0.0010000000474974513 48
1761996116279 0.0010000000474974513 49
1761996117347 0.0010000000474974513 50
1761996118688 0.0010000000474974513 51
1761996119745 0.0010000000474974513 52
1761996120928 0.0010000000474974513 53
1761996121994 0.0005000000237487257 54
1761996123061 0.0005000000237487257 55
1761996124410 0.0005000000237487257 56
1761996125708 0.0005000000237487257 57
1761996127126 0.0005000000237487257 58
1761996128194 0.0005000000237487257 59
1761996129526 0.0005000000237487257 60
1761996130642 0.0005000000237487257 61
1761996131875 0.0005000000237487257 62
1761996132992 0.0005000000237487257 63
1761996134241 0.0005000000237487257 64
1761996135307 0.0005000000237487257 65
1761996136475 0.0005000000237487257 66
1761996137541 0.0005000000237487257 67
1761996138774 0.0005000000237487257 68
1761996140173 0.0002500000118743628 69
1761996141240 0.0002500000118743628 70
1761996142306 0.0002500000118743628 71
1761996143373 0.0002500000118743628 72
1761996144457 0.0002500000118743628 73
1761996055577 0.0010000000474974513 0
1761996161103 0.0005000000237487257 74
