1761996055577 1.875042200088501 0
1761996056696 1.7331269979476929 1
1761996057831 1.6665512323379517 2
1761996059086 1.575569987297058 3
1761996062429 1.5458660125732422 4
1761996063820 1.4965932369232178 5
1761996064907 1.4300061464309692 6
1761996066440 1.369938850402832 7
1761996067540 1.3367712497711182 8
1761996068639 1.3185473680496216 9
1761996069858 1.238443374633789 10
1761996070958 1.1701993942260742 11
1761996072072 1.1634342670440674 12
1761996073188 1.1427769660949707 13
1761996074438 1.105643630027771 14
1761996075538 1.123586654663086 15
1761996076587 1.0408134460449219 16
1761996077954 0.9922508001327515 17
1761996079152 0.9965675473213196 18
1761996080620 0.9578640460968018 19
1761996081685 0.9182732701301575 20
1761996082752 0.905612051486969 21
1761996084169 0.8758739829063416 22
1761996085269 0.8523983359336853 23
1761996086385 0.8430734276771545 24
1761996087702 0.8152487874031067 25
1761996088770 0.794477105140686 26
1761996089884 0.7769410610198975 27
1761996091101 0.769307553768158 28
1761996092551 0.7666382789611816 29
1761996093684 0.7494608759880066 30
1761996094826 0.714026689529419 31
1761996096319 0.6934711337089539 32
1761996097366 0.6954329609870911 33
1761996098720 0.6764687895774841 34
1761996099833 0.6554735898971558 35
1761996100982 0.7072956562042236 36
1761996102082 0.6518511176109314 37
1761996103165 0.62090003490448 38
1761996104381 0.6145117282867432 39
1761996105448 0.6341056823730469 40
1761996106847 0.6072141528129578 41
1761996107930 0.5748917460441589 42
1761996109130 0.597686767578125 43
1761996110213 0.5575687289237976 44
1761996111430 0.5728254318237305 45
1761996112479 0.5535858273506165 46
1761996113714 0.5207460522651672 47
1761996114846 0.5376226305961609 48
1761996116279 0.5047516822814941 49
1761996117347 0.4986976683139801 50
1761996118688 0.530639111995697 51
1761996119745 0.5112990736961365 52
1761996120928 0.5204440355300903 53
1761996121994 0.4949825704097748 54
1761996123061 0.480979859828949 55
1761996124410 0.4563919007778168 56
1761996125708 0.4671149253845215 57
1761996127126 0.4415196180343628 58
1761996128194 0.4384162724018097 59
1761996129526 0.42738255858421326 60
1761996130642 0.3964684009552002 61
1761996131875 0.41068390011787415 62
1761996132992 0.39554065465927124 63
1761996134241 0.3974619507789612 64
1761996135307 0.42028942704200745 65
1761996136475 0.43355438113212585 66
1761996137541 0.43220484256744385 67
1761996138774 0.4132120609283447 68
1761996140173 0.4306141436100006 69
1761996141240 0.37868189811706543 70
1761996142306 0.3761993944644928 71
1761996143373 0.3771800100803375 72
1761996144457 0.37716880440711975 73
1761996055577 1.875042200088501 0
1761996161103 0.39554065465927124 74
