1761996055577 0.034514494240283966 0
1761996056696 0.041688378900289536 1
1761996057831 0.05118601769208908 2
1761996059086 0.06017579510807991 3
1761996062429 0.06392694264650345 4
1761996063820 0.07413648068904877 5
1761996064907 0.08426966518163681 6
1761996066440 0.09725158661603928 7
1761996067540 0.10079275071620941 8
1761996068639 0.10183066129684448 9
1761996069858 0.12635870277881622 10
1761996070958 0.14328809082508087 11
1761996072072 0.15016502141952515 12
1761996073188 0.15478260815143585 13
1761996074438 0.1560402661561966 14
1761996075538 0.14524206519126892 15
1761996076587 0.16291160881519318 16
1761996077954 0.1975051909685135 17
1761996079152 0.17142857611179352 18
1761996080620 0.1872510015964508 19
1761996081685 0.201271191239357 20
1761996082752 0.2063492089509964 21
1761996084169 0.21889400482177734 22
1761996085269 0.22864320874214172 23
1761996086385 0.2222222238779068 24
1761996087702 0.2363184094429016 25
1761996088770 0.24074074625968933 26
1761996089884 0.2246376872062683 27
1761996091101 0.24863387644290924 28
1761996092551 0.2340966910123825 29
1761996093684 0.2520325183868408 30
1761996094826 0.26050421595573425 31
1761996096319 0.2513369023799896 32
1761996097366 0.2527777850627899 33
1761996098720 0.26404494047164917 34
1761996099833 0.2666666805744171 35
1761996100982 0.2222222238779068 36
1761996102082 0.2370370328426361 37
1761996103165 0.25065964460372925 38
1761996104381 0.266475647687912 39
1761996105448 0.2340966910123825 40
1761996106847 0.26271185278892517 41
1761996107930 0.2659279704093933 42
1761996109130 0.26376810669898987 43
1761996110213 0.3054662346839905 44
1761996111430 0.26571428775787354 45
1761996112479 0.28875380754470825 46
1761996113714 0.3054662346839905 47
1761996114846 0.29374998807907104 48
1761996116279 0.2984127104282379 49
1761996117347 0.30363035202026367 50
1761996118688 0.2705882489681244 51
1761996119745 0.2857142984867096 52
1761996120928 0.2784431278705597 53
1761996121994 0.27941176295280457 54
1761996123061 0.297468364238739 55
1761996124410 0.3380782902240753 56
1761996125708 0.33695653080940247 57
1761996127126 0.32764506340026855 58
1761996128194 0.3505535125732422 59
1761996129526 0.35741445422172546 60
1761996130642 0.40167364478111267 61
1761996131875 0.40434783697128296 62
1761996132992 0.4000000059604645 63
1761996134241 0.40086206793785095 64
1761996135307 0.36328125 65
1761996136475 0.33212995529174805 66
1761996137541 0.352059930562973 67
1761996138774 0.35849055647850037 68
1761996140173 0.3309352397918701 69
1761996141240 0.3870967626571655 70
1761996142306 0.40336135029792786 71
1761996143373 0.39419087767601013 72
1761996144457 0.402542382478714 73
1761996055577 0.034514494240283966 0
1761996161103 0.4000000059604645 74
