1761996055577 0.78125 0
1761996056696 0.8333333134651184 1
1761996057831 0.8541666865348816 2
1761996059086 0.9270833134651184 3
1761996062429 0.875 4
1761996063820 0.9166666865348816 5
1761996064907 0.9375 6
1761996066440 0.9583333134651184 7
1761996067540 0.9270833134651184 8
1761996068639 0.9270833134651184 9
1761996069858 0.96875 10
1761996070958 0.9895833134651184 11
1761996072072 0.9479166865348816 12
1761996073188 0.9270833134651184 13
1761996074438 0.96875 14
1761996075538 0.90625 15
1761996076587 0.9791666865348816 16
1761996077954 0.9895833134651184 17
1761996079152 0.9375 18
1761996080620 0.9791666865348816 19
1761996081685 0.9895833134651184 20
1761996082752 0.9479166865348816 21
1761996084169 0.9895833134651184 22
1761996085269 0.9479166865348816 23
1761996086385 0.9583333134651184 24
1761996087702 0.9895833134651184 25
1761996088770 0.9479166865348816 26
1761996089884 0.96875 27
1761996091101 0.9479166865348816 28
1761996092551 0.9583333134651184 29
1761996093684 0.96875 30
1761996094826 0.96875 31
1761996096319 0.9791666865348816 32
1761996097366 0.9479166865348816 33
1761996098720 0.9791666865348816 34
1761996099833 0.9583333134651184 35
1761996100982 0.9166666865348816 36
1761996102082 1.0 37
1761996103165 0.9895833134651184 38
1761996104381 0.96875 39
1761996105448 0.9583333134651184 40
1761996106847 0.96875 41
1761996107930 1.0 42
1761996109130 0.9479166865348816 43
1761996110213 0.9895833134651184 44
1761996111430 0.96875 45
1761996112479 0.9895833134651184 46
1761996113714 0.9895833134651184 47
1761996114846 0.9791666865348816 48
1761996116279 0.9791666865348816 49
1761996117347 0.9583333134651184 50
1761996118688 0.9583333134651184 51
1761996119745 0.9583333134651184 52
1761996120928 0.96875 53
1761996121994 0.9895833134651184 54
1761996123061 0.9791666865348816 55
1761996124410 0.9895833134651184 56
1761996125708 0.96875 57
1761996127126 1.0 58
1761996128194 0.9895833134651184 59
1761996129526 0.9791666865348816 60
1761996130642 1.0 61
1761996131875 0.96875 62
1761996132992 1.0 63
1761996134241 0.96875 64
1761996135307 0.96875 65
1761996136475 0.9583333134651184 66
1761996137541 0.9791666865348816 67
1761996138774 0.9895833134651184 68
1761996140173 0.9583333134651184 69
1761996141240 1.0 70
1761996142306 1.0 71
1761996143373 0.9895833134651184 72
1761996144457 0.9895833134651184 73
1761996055577 0.78125 0
1761996161103 1.0 74
