1760991240912 0.5269376039505005 0
1760991242542 0.6079867482185364 1
1760991245746 0.6942344307899475 2
1760991246803 0.7535444498062134 3
1760991247627 0.7991493344306946 4
1760991248566 0.8166351318359375 5
1760991249668 0.8420368432998657 6
1760991251827 0.85326087474823 7
1760991253527 0.8687381744384766 8
1760991254455 0.8735822439193726 9
1760991255253 0.8806710839271545 10
1760991255949 0.8901228904724121 11
1760991257037 0.8954395055770874 12
1760991257899 0.9100897908210754 13
1760991258668 0.8995746970176697 14
1760991259375 0.9129253029823303 15
1760991260078 0.9137523770332336 16
1760991261014 0.929347813129425 17
1760991261742 0.9176512360572815 18
1760991262589 0.9261578321456909 19
1760991263380 0.9320651888847351 20
1760991264844 0.938563346862793 21
1760991265549 0.9421077370643616 22
1760991266688 0.944588840007782 23
1760991267594 0.9504961967468262 24
1760991268376 0.9490784406661987 25
1760991269471 0.9538043737411499 26
1760991270915 0.9502599239349365 27
1760991271680 0.9604206085205078 28
1760991272383 0.9649102091789246 29
1760991273094 0.9645557403564453 30
1760991273785 0.9567580223083496 31
1760991274630 0.9649102091789246 32
1760991275317 0.9670368432998657 33
1760991276047 0.9683364629745483 34
1760991240912 0.5269376039505005 0
1760991332641 0.9504961967468262 35
