1760991240912 0.0010000000474974513 0
1760991242542 0.0010000000474974513 1
1760991245746 0.0010000000474974513 2
1760991246803 0.0010000000474974513 3
1760991247627 0.0010000000474974513 4
1760991248566 0.0010000000474974513 5
1760991249668 0.0010000000474974513 6
1760991251827 0.0010000000474974513 7
1760991253527 0.0010000000474974513 8
1760991254455 0.0010000000474974513 9
1760991255253 0.0010000000474974513 10
1760991255949 0.0010000000474974513 11
1760991257037 0.0010000000474974513 12
1760991257899 0.0010000000474974513 13
1760991258668 0.0010000000474974513 14
1760991259375 0.0010000000474974513 15
1760991260078 0.0010000000474974513 16
1760991261014 0.0010000000474974513 17
1760991261742 0.0005000000237487257 18
1760991262589 0.0005000000237487257 19
1760991263380 0.0005000000237487257 20
1760991264844 0.0005000000237487257 21
1760991265549 0.0005000000237487257 22
1760991266688 0.0005000000237487257 23
1760991267594 0.0005000000237487257 24
1760991268376 0.0005000000237487257 25
1760991269471 0.0005000000237487257 26
1760991270915 0.0005000000237487257 27
1760991271680 0.0005000000237487257 28
1760991272383 0.0005000000237487257 29
1760991273094 0.0002500000118743628 30
1760991273785 0.0002500000118743628 31
1760991274630 0.0002500000118743628 32
1760991275317 0.0002500000118743628 33
1760991276047 0.0002500000118743628 34
1760991240912 0.0010000000474974513 0
1760991332641 0.0005000000237487257 35
