1760991240912 0.6560009121894836 0
1760991242542 0.5225033760070801 1
1760991245746 0.4493905007839203 2
1760991246803 0.39510831236839294 3
1760991247627 0.3380257487297058 4
1760991248566 0.33764123916625977 5
1760991249668 0.2749096751213074 6
1760991251827 0.2753925323486328 7
1760991253527 0.2581768035888672 8
1760991254455 0.22605697810649872 9
1760991255253 0.2438402622938156 10
1760991255949 0.2006607949733734 11
1760991257037 0.21106505393981934 12
1760991257899 0.1976161003112793 13
1760991258668 0.18434642255306244 14
1760991259375 0.18760232627391815 15
1760991260078 0.18083734810352325 16
1760991261014 0.1501750946044922 17
1760991261742 0.16817320883274078 18
1760991262589 0.15694700181484222 19
1760991263380 0.12711668014526367 20
1760991264844 0.12324488162994385 21
1760991265549 0.12270042300224304 22
1760991266688 0.10679540038108826 23
1760991267594 0.09955832362174988 24
1760991268376 0.11016087979078293 25
1760991269471 0.09217067062854767 26
1760991270915 0.10597387701272964 27
1760991271680 0.08536279201507568 28
1760991272383 0.08281614631414413 29
1760991273094 0.09151406586170197 30
1760991273785 0.08070740848779678 31
1760991274630 0.08118150383234024 32
1760991275317 0.06313985586166382 33
1760991276047 0.07413029670715332 34
1760991240912 0.6560009121894836 0
1760991332641 0.09955832362174988 35
