1762002684664 0.6500006318092346 0
1762002686633 0.8042601346969604 1
1762002687884 0.8737317323684692 2
1762002689355 0.8534918427467346 3
1762002690981 0.918920636177063 4
1762002694095 0.9194015264511108 5
1762002696009 0.9382282495498657 6
1762002697525 0.9437742829322815 7
1762002699006 0.9438270330429077 8
1762002700157 0.9647524952888489 9
1762002701311 0.9583628177642822 10
1762002702862 0.9713039994239807 11
1762002704103 0.9646804332733154 12
1762002705683 0.9537901878356934 13
1762002707228 0.968874990940094 14
1762002709574 0.9753456115722656 15
1762002710762 0.9711459279060364 16
1762002712113 0.9753673672676086 17
1762002713292 0.978377640247345 18
1762002714464 0.9788483381271362 19
1762002715778 0.9799490571022034 20
1762002716937 0.9843082427978516 21
1762002718680 0.9739516377449036 22
1762002720902 0.9806292653083801 23
1762002722159 0.9878097772598267 24
1762002723483 0.9887329936027527 25
1762002724888 0.981349527835846 26
1762002726065 0.9890300631523132 27
1762002727523 0.9861624836921692 28
1762002730387 0.9880295395851135 29
1762002731862 0.9800571799278259 30
1762002733019 0.9884809255599976 31
1762002734276 0.9883574843406677 32
1762002735547 0.9907350540161133 33
1762002736788 0.9919039607048035 34
1762002737953 0.9882571697235107 35
1762002739247 0.9857369065284729 36
1762002740399 0.9761441349983215 37
1762002741771 0.9831535220146179 38
1762002742966 0.9898710250854492 39
1762002744713 0.9836538434028625 40
1762002752614 0.9869121313095093 41
1762002755301 0.99262535572052 42
1762002756529 0.9935422539710999 43
1762002757768 0.993369996547699 44
1762002759352 0.9936784505844116 45
1762002760486 0.9944255948066711 46
1762002761634 0.9948525428771973 47
1762002762857 0.9912431240081787 48
1762002765641 0.9915799498558044 49
1762002766858 0.9939152002334595 50
1762002768077 0.9937905073165894 51
1762002769324 0.9932311773300171 52
1762002770487 0.9948371648788452 53
1762002771731 0.9970014095306396 54
1762002773083 0.9963003993034363 55
1762002774478 0.9948410391807556 56
1762002775649 0.9945312142372131 57
1762002776928 0.9920879602432251 58
1762002778127 0.99220871925354 59
1762002779387 0.995140552520752 60
1762002780714 0.9941413998603821 61
1762002781992 0.9950517416000366 62
1762002783307 0.9966000914573669 63
1762002784434 0.9958143830299377 64
1762002785577 0.997308611869812 65
1762002786901 0.9982011318206787 66
1762002788140 0.9972354173660278 67
1762002790755 0.9951444864273071 68
1762002791898 0.9969214797019958 69
1762002793160 0.9972637295722961 70
1762002795865 0.9972431659698486 71
1762002797033 0.9975979924201965 72
1762002799628 0.9955135583877563 73
1762002801034 0.9962812662124634 74
1762002802157 0.9977869391441345 75
1762002803526 0.9979464411735535 76
1762002804655 0.9975876808166504 77
1762002806021 0.9975888729095459 78
1762002807815 0.9971286654472351 79
1762002809860 0.9981046319007874 80
1762002811124 0.9981186985969543 81
1762002812437 0.9978435635566711 82
1762002813822 0.9970913529396057 83
1762002815074 0.9980313181877136 84
1762002816532 0.9973317384719849 85
1762002817702 0.9984376430511475 86
1762002819262 0.9974091053009033 87
1762002820596 0.9986215233802795 88
1762002821751 0.9987707734107971 89
1762002823279 0.9977921843528748 90
1762002824478 0.9984993934631348 91
1762002825710 0.9985830783843994 92
1762002827140 0.9986512064933777 93
1762002828370 0.9979491233825684 94
1762002829809 0.9986652135848999 95
1762002831269 0.9979220628738403 96
1762002832394 0.9976634383201599 97
1762002833778 0.9977303743362427 98
1762002834927 0.9972417950630188 99
1762002684664 0.6500006318092346 0
