1762002684664 0.0010000000474974513 0
1762002686633 0.0010000000474974513 1
1762002687884 0.0010000000474974513 2
1762002689355 0.0010000000474974513 3
1762002690981 0.0010000000474974513 4
1762002694095 0.0010000000474974513 5
1762002696009 0.0010000000474974513 6
1762002697525 0.0010000000474974513 7
1762002699006 0.0010000000474974513 8
1762002700157 0.0010000000474974513 9
1762002701311 0.0010000000474974513 10
1762002702862 0.0010000000474974513 11
1762002704103 0.0010000000474974513 12
1762002705683 0.0010000000474974513 13
1762002707228 0.0010000000474974513 14
1762002709574 0.0010000000474974513 15
1762002710762 0.0010000000474974513 16
1762002712113 0.0010000000474974513 17
1762002713292 0.0010000000474974513 18
1762002714464 0.0010000000474974513 19
1762002715778 0.0010000000474974513 20
1762002716937 0.0010000000474974513 21
1762002718680 0.0010000000474974513 22
1762002720902 0.0010000000474974513 23
1762002722159 0.0010000000474974513 24
1762002723483 0.0010000000474974513 25
1762002724888 0.0010000000474974513 26
1762002726065 0.0010000000474974513 27
1762002727523 0.0010000000474974513 28
1762002730387 0.0010000000474974513 29
1762002731862 0.0010000000474974513 30
1762002733019 0.0010000000474974513 31
1762002734276 0.0010000000474974513 32
1762002735547 0.0010000000474974513 33
1762002736788 0.0010000000474974513 34
1762002737953 0.0010000000474974513 35
1762002739247 0.0010000000474974513 36
1762002740399 0.0010000000474974513 37
1762002741771 0.0010000000474974513 38
1762002742966 0.0005000000237487257 39
1762002744713 0.0005000000237487257 40
1762002752614 0.0005000000237487257 41
1762002755301 0.0005000000237487257 42
1762002756529 0.0005000000237487257 43
1762002757768 0.0005000000237487257 44
1762002759352 0.0005000000237487257 45
1762002760486 0.0005000000237487257 46
1762002761634 0.0005000000237487257 47
1762002762857 0.0005000000237487257 48
1762002765641 0.0005000000237487257 49
1762002766858 0.0005000000237487257 50
1762002768077 0.0005000000237487257 51
1762002769324 0.0005000000237487257 52
1762002770487 0.0005000000237487257 53
1762002771731 0.0005000000237487257 54
1762002773083 0.0005000000237487257 55
1762002774478 0.0005000000237487257 56
1762002775649 0.0005000000237487257 57
1762002776928 0.0005000000237487257 58
1762002778127 0.0005000000237487257 59
1762002779387 0.0005000000237487257 60
1762002780714 0.0002500000118743628 61
1762002781992 0.0002500000118743628 62
1762002783307 0.0002500000118743628 63
1762002784434 0.0002500000118743628 64
1762002785577 0.0002500000118743628 65
1762002786901 0.0002500000118743628 66
1762002788140 0.0002500000118743628 67
1762002790755 0.0002500000118743628 68
1762002791898 0.0002500000118743628 69
1762002793160 0.0002500000118743628 70
1762002795865 0.0002500000118743628 71
1762002797033 0.0002500000118743628 72
1762002799628 0.0002500000118743628 73
1762002801034 0.0002500000118743628 74
1762002802157 0.0002500000118743628 75
1762002803526 0.0002500000118743628 76
1762002804655 0.0002500000118743628 77
1762002806021 0.0001250000059371814 78
1762002807815 0.0001250000059371814 79
1762002809860 0.0001250000059371814 80
1762002811124 0.0001250000059371814 81
1762002812437 0.0001250000059371814 82
1762002813822 0.0001250000059371814 83
1762002815074 0.0001250000059371814 84
1762002816532 0.0001250000059371814 85
1762002817702 0.0001250000059371814 86
1762002819262 0.0001250000059371814 87
1762002820596 0.0001250000059371814 88
1762002821751 0.0001250000059371814 89
1762002823279 0.0001250000059371814 90
1762002824478 0.0001250000059371814 91
1762002825710 0.0001250000059371814 92
1762002827140 0.0001250000059371814 93
1762002828370 0.0001250000059371814 94
1762002829809 0.0001250000059371814 95
1762002831269 0.0001250000059371814 96
1762002832394 0.0001250000059371814 97
1762002833778 0.0001250000059371814 98
1762002834927 0.0001250000059371814 99
1762002684664 0.0010000000474974513 0
