1762002684664 2.1282267570495605 0
1762002686633 1.9306926727294922 1
1762002687884 1.7849262952804565 2
1762002689355 1.772751808166504 3
1762002690981 1.6500431299209595 4
1762002694095 1.6090168952941895 5
1762002696009 1.538081407546997 6
1762002697525 1.493298053741455 7
1762002699006 1.4606897830963135 8
1762002700157 1.3770325183868408 9
1762002701311 1.3605562448501587 10
1762002702862 1.298263430595398 11
1762002704103 1.2840299606323242 12
1762002705683 1.2927109003067017 13
1762002707228 1.2176131010055542 14
1762002709574 1.1625574827194214 15
1762002710762 1.1535592079162598 16
1762002712113 1.1190840005874634 17
1762002713292 1.08347487449646 18
1762002714464 1.0539792776107788 19
1762002715778 1.0240598917007446 20
1762002716937 0.9756309390068054 21
1762002718680 1.0039992332458496 22
1762002720902 0.9606534838676453 23
1762002722159 0.8967887163162231 24
1762002723483 0.8640514612197876 25
1762002724888 0.8939852118492126 26
1762002726065 0.8337563872337341 27
1762002727523 0.8245798349380493 28
1762002730387 0.7957996726036072 29
1762002731862 0.8295512199401855 30
1762002733019 0.7634960412979126 31
1762002734276 0.7467387914657593 32
1762002735547 0.7126898765563965 33
1762002736788 0.6916590929031372 34
1762002737953 0.7075169682502747 35
1762002739247 0.719805896282196 36
1762002740399 0.7607226967811584 37
1762002741771 0.7245051860809326 38
1762002742966 0.664158284664154 39
1762002744713 0.6915698051452637 40
1762002752614 0.660997748374939 41
1762002755301 0.624485969543457 42
1762002756529 0.6016950607299805 43
1762002757768 0.5880419015884399 44
1762002759352 0.5776898860931396 45
1762002760486 0.5638874173164368 46
1762002761634 0.5484717488288879 47
1762002762857 0.5745007395744324 48
1762002765641 0.5790376663208008 49
1762002766858 0.5453557372093201 50
1762002768077 0.5328731536865234 51
1762002769324 0.5353662967681885 52
1762002770487 0.5196434259414673 53
1762002771731 0.4917500615119934 54
1762002773083 0.491446852684021 55
1762002774478 0.49314919114112854 56
1762002775649 0.5070646405220032 57
1762002776928 0.5276170969009399 58
1762002778127 0.5242335796356201 59
1762002779387 0.49838322401046753 60
1762002780714 0.4956579804420471 61
1762002781992 0.47386813163757324 62
1762002783307 0.45938852429389954 63
1762002784434 0.4603939652442932 64
1762002785577 0.4399077594280243 65
1762002786901 0.4287394881248474 66
1762002788140 0.4321202337741852 67
1762002790755 0.4556926488876343 68
1762002791898 0.42985662817955017 69
1762002793160 0.42292746901512146 70
1762002795865 0.4204692840576172 71
1762002797033 0.4100199043750763 72
1762002799628 0.4361645579338074 73
1762002801034 0.42506280541419983 74
1762002802157 0.39905208349227905 75
1762002803526 0.39352667331695557 76
1762002804655 0.3929547071456909 77
1762002806021 0.3877144455909729 78
1762002807815 0.3894058167934418 79
1762002809860 0.37853482365608215 80
1762002811124 0.3757386803627014 81
1762002812437 0.37628689408302307 82
1762002813822 0.38592568039894104 83
1762002815074 0.381996750831604 84
1762002816532 0.382322758436203 85
1762002817702 0.36325350403785706 86
1762002819262 0.37403586506843567 87
1762002820596 0.36098411679267883 88
1762002821751 0.3569868206977844 89
1762002823279 0.3613118827342987 90
1762002824478 0.350334495306015 91
1762002825710 0.3557955026626587 92
1762002827140 0.34418785572052 93
1762002828370 0.34939831495285034 94
1762002829809 0.3480246961116791 95
1762002831269 0.3562442660331726 96
1762002832394 0.36309999227523804 97
1762002833778 0.35979339480400085 98
1762002834927 0.3608866035938263 99
1762002684664 2.1282267570495605 0
