1762002684664 0.03453453630208969 0
1762002686633 0.044057972729206085 1
1762002687884 0.06017579510807991 2
1762002689355 0.06264501065015793 3
1762002690981 0.07890070974826813 4
1762002694095 0.08725490421056747 5
1762002696009 0.09771987050771713 6
1762002697525 0.10433763265609741 7
1762002699006 0.11688311398029327 8
1762002700157 0.1320754736661911 9
1762002701311 0.13960546255111694 10
1762002702862 0.15100671350955963 11
1762002704103 0.15614035725593567 12
1762002705683 0.14886164665222168 13
1762002707228 0.16757741570472717 14
1762002709574 0.18329939246177673 15
1762002710762 0.17864476144313812 16
1762002712113 0.17760618031024933 17
1762002713292 0.19389978051185608 18
1762002714464 0.20131291449069977 19
1762002715778 0.22062350809574127 20
1762002716937 0.2243436723947525 21
1762002718680 0.20902612805366516 22
1762002720902 0.21162790060043335 23
1762002722159 0.25066667795181274 24
1762002723483 0.282282292842865 25
1762002724888 0.23333333432674408 26
1762002726065 0.25626739859580994 27
1762002727523 0.26530611515045166 28
1762002730387 0.27544909715652466 29
1762002731862 0.24725274741649628 30
1762002733019 0.2575342357158661 31
1762002734276 0.2738095223903656 32
1762002735547 0.2996845543384552 33
1762002736788 0.3195876181125641 34
1762002737953 0.27950310707092285 35
1762002739247 0.24528302252292633 36
1762002740399 0.24064171314239502 37
1762002741771 0.23273657262325287 38
1762002742966 0.2661064565181732 39
1762002744713 0.2593660056591034 40
1762002752614 0.2929936349391937 41
1762002755301 0.30693069100379944 42
1762002756529 0.3470149338245392 43
1762002757768 0.3394160568714142 44
1762002759352 0.3636363744735718 45
1762002760486 0.3700787425041199 46
1762002761634 0.37154150009155273 47
1762002762857 0.37552741169929504 48
1762002765641 0.3006536066532135 49
1762002766858 0.34558823704719543 50
1762002768077 0.36259540915489197 51
1762002769324 0.36153846979141235 52
1762002770487 0.3790322542190552 53
1762002771731 0.4318181872367859 54
1762002773083 0.4227272868156433 55
1762002774478 0.44131454825401306 56
1762002775649 0.37599998712539673 57
1762002776928 0.326241135597229 58
1762002778127 0.3527131676673889 59
1762002779387 0.37959182262420654 60
1762002780714 0.3811475336551666 61
1762002781992 0.3974895477294922 62
1762002783307 0.4059829115867615 63
1762002784434 0.4227272868156433 64
1762002785577 0.45673078298568726 65
1762002786901 0.510869562625885 66
1762002788140 0.49735450744628906 67
1762002790755 0.4650000035762787 68
1762002791898 0.47236180305480957 69
1762002793160 0.4793814420700073 70
1762002795865 0.5 71
1762002797033 0.5053763389587402 72
1762002799628 0.4715026021003723 73
1762002801034 0.43119266629219055 74
1762002802157 0.467980295419693 75
1762002803526 0.5163043737411499 76
1762002804655 0.5163043737411499 77
1762002806021 0.48469388484954834 78
1762002807815 0.5053763389587402 79
1762002809860 0.5307262539863586 80
1762002811124 0.5251396894454956 81
1762002812437 0.5792682766914368 82
1762002813822 0.4793814420700073 83
1762002815074 0.5406976938247681 84
1762002816532 0.5080214142799377 85
1762002817702 0.5497075915336609 86
1762002819262 0.5222222208976746 87
1762002820596 0.5654761791229248 88
1762002821751 0.5864197611808777 89
1762002823279 0.519336998462677 90
1762002824478 0.5555555820465088 91
1762002825710 0.5562130212783813 92
1762002827140 0.59375 93
1762002828370 0.5621301531791687 94
1762002829809 0.6143791079521179 95
1762002831269 0.5562130212783813 96
1762002832394 0.5406976938247681 97
1762002833778 0.5314285755157471 98
1762002834927 0.5874999761581421 99
1762002684664 0.03453453630208969 0
