1762002684664 0.7263157963752747 0
1762002686633 0.800000011920929 1
1762002687884 0.9368420839309692 2
1762002689355 0.8526315689086914 3
1762002690981 0.9368420839309692 4
1762002694095 0.9368420839309692 5
1762002696009 0.9473684430122375 6
1762002697525 0.9368420839309692 7
1762002699006 0.9473684430122375 8
1762002700157 0.9578947424888611 9
1762002701311 0.9684210419654846 10
1762002702862 0.9473684430122375 11
1762002704103 0.9368420839309692 12
1762002705683 0.8947368264198303 13
1762002707228 0.9684210419654846 14
1762002709574 0.9473684430122375 15
1762002710762 0.9157894849777222 16
1762002712113 0.9684210419654846 17
1762002713292 0.9368420839309692 18
1762002714464 0.9684210419654846 19
1762002715778 0.9684210419654846 20
1762002716937 0.9894737005233765 21
1762002718680 0.9263157844543457 22
1762002720902 0.9578947424888611 23
1762002722159 0.9894737005233765 24
1762002723483 0.9894737005233765 25
1762002724888 0.9578947424888611 26
1762002726065 0.9684210419654846 27
1762002727523 0.9578947424888611 28
1762002730387 0.9684210419654846 29
1762002731862 0.9473684430122375 30
1762002733019 0.9894737005233765 31
1762002734276 0.9684210419654846 32
1762002735547 1.0 33
1762002736788 0.9789473414421082 34
1762002737953 0.9473684430122375 35
1762002739247 0.9578947424888611 36
1762002740399 0.9473684430122375 37
1762002741771 0.9578947424888611 38
1762002742966 1.0 39
1762002744713 0.9473684430122375 40
1762002752614 0.9684210419654846 41
1762002755301 0.9789473414421082 42
1762002756529 0.9789473414421082 43
1762002757768 0.9789473414421082 44
1762002759352 0.9684210419654846 45
1762002760486 0.9894737005233765 46
1762002761634 0.9894737005233765 47
1762002762857 0.9368420839309692 48
1762002765641 0.9684210419654846 49
1762002766858 0.9894737005233765 50
1762002768077 1.0 51
1762002769324 0.9894737005233765 52
1762002770487 0.9894737005233765 53
1762002771731 1.0 54
1762002773083 0.9789473414421082 55
1762002774478 0.9894737005233765 56
1762002775649 0.9894737005233765 57
1762002776928 0.9684210419654846 58
1762002778127 0.9578947424888611 59
1762002779387 0.9789473414421082 60
1762002780714 0.9789473414421082 61
1762002781992 1.0 62
1762002783307 1.0 63
1762002784434 0.9789473414421082 64
1762002785577 1.0 65
1762002786901 0.9894737005233765 66
1762002788140 0.9894737005233765 67
1762002790755 0.9789473414421082 68
1762002791898 0.9894737005233765 69
1762002793160 0.9789473414421082 70
1762002795865 0.9894737005233765 71
1762002797033 0.9894737005233765 72
1762002799628 0.9578947424888611 73
1762002801034 0.9894737005233765 74
1762002802157 1.0 75
1762002803526 1.0 76
1762002804655 1.0 77
1762002806021 1.0 78
1762002807815 0.9894737005233765 79
1762002809860 1.0 80
1762002811124 0.9894737005233765 81
1762002812437 1.0 82
1762002813822 0.9789473414421082 83
1762002815074 0.9789473414421082 84
1762002816532 1.0 85
1762002817702 0.9894737005233765 86
1762002819262 0.9894737005233765 87
1762002820596 1.0 88
1762002821751 1.0 89
1762002823279 0.9894737005233765 90
1762002824478 1.0 91
1762002825710 0.9894737005233765 92
1762002827140 1.0 93
1762002828370 1.0 94
1762002829809 0.9894737005233765 95
1762002831269 0.9894737005233765 96
1762002832394 0.9789473414421082 97
1762002833778 0.9789473414421082 98
1762002834927 0.9894737005233765 99
1762002684664 0.7263157963752747 0
