1761994564298 0.667248010635376 0
1761994565849 0.7347882390022278 1
1761994567004 0.804655134677887 2
1761994568126 0.8677688241004944 3
1761994569910 0.8911640048027039 4
1761994572615 0.9092077016830444 5
1761994573825 0.9032649397850037 6
1761994574978 0.9408224821090698 7
1761994576160 0.9469120502471924 8
1761994577365 0.9568719267845154 9
1761994578668 0.9579710960388184 10
1761994579858 0.948642373085022 11
1761994581264 0.9667395949363708 12
1761994582382 0.9505656361579895 13
1761994583979 0.961492657661438 14
1761994585159 0.9744811654090881 15
1761994586279 0.9675848484039307 16
1761994587399 0.9738749861717224 17
1761994588738 0.9796098470687866 18
1761994589849 0.9723674654960632 19
1761994591044 0.9743678569793701 20
1761994592651 0.9778086543083191 21
1761994593758 0.9803342223167419 22
1761994594945 0.976898729801178 23
1761994596064 0.981168270111084 24
1761994597179 0.9764255881309509 25
1761994598335 0.9832234978675842 26
1761994599459 0.9791803359985352 27
1761994600521 0.9880646467208862 28
1761994601584 0.9841234683990479 29
1761994602790 0.9851555228233337 30
1761994603925 0.9856459498405457 31
1761994605224 0.9878804087638855 32
1761994606385 0.9850359559059143 33
1761994607773 0.9859833717346191 34
1761994608907 0.9854704737663269 35
1761994610190 0.976396918296814 36
1761994611306 0.978689968585968 37
1761994612373 0.9835608601570129 38
1761994613557 0.9796533584594727 39
1761994614606 0.9847111701965332 40
1761994615670 0.9879613518714905 41
1761994616788 0.9895808100700378 42
1761994618021 0.9870015978813171 43
1761994619138 0.9871473908424377 44
1761994620355 0.9899604320526123 45
1761994621421 0.9888052940368652 46
1761994622804 0.9885178208351135 47
1761994623870 0.987549364566803 48
1761994625121 0.9890381097793579 49
1761994626253 0.992095410823822 50
1761994627320 0.9911903738975525 51
1761994628486 0.9914755821228027 52
1761994629702 0.9909564256668091 53
1761994630919 0.9933327436447144 54
1761994632102 0.991612434387207 55
1761994633268 0.9940348267555237 56
1761994634385 0.9944220185279846 57
1761994635751 0.9959855675697327 58
1761994636867 0.9930450320243835 59
1761994638385 0.994117021560669 60
1761994639645 0.9943921566009521 61
1761994640717 0.9943323135375977 62
1761994641850 0.9952110648155212 63
1761994643050 0.9921339750289917 64
1761994644124 0.9942874312400818 65
1761994645183 0.9927676320075989 66
1761994646381 0.9939998984336853 67
1761994647565 0.9948228597640991 68
1761994648683 0.9942752122879028 69
1761994649848 0.9921042323112488 70
1761994650917 0.9952310919761658 71
1761994652027 0.9922049045562744 72
1761994653220 0.9925073981285095 73
1761994654680 0.9950369596481323 74
1761994655747 0.9949721693992615 75
1761994657013 0.9944928884506226 76
1761994658205 0.9957975745201111 77
1761994659346 0.9939351677894592 78
1761994660780 0.9941667914390564 79
1761994662007 0.9952834844589233 80
1761994663445 0.9944742321968079 81
1761994665928 0.9953356385231018 82
1761994667010 0.9954078793525696 83
1761994668085 0.9953728914260864 84
1761994669494 0.9935319423675537 85
1761994670592 0.9953057169914246 86
1761994671727 0.9954015612602234 87
1761994672808 0.9954301118850708 88
1761994564298 0.667248010635376 0
1761994685668 0.9939351677894592 89
