1761994564298 0.0010000000474974513 0
1761994565849 0.0010000000474974513 1
1761994567004 0.0010000000474974513 2
1761994568126 0.0010000000474974513 3
1761994569910 0.0010000000474974513 4
1761994572615 0.0010000000474974513 5
1761994573825 0.0010000000474974513 6
1761994574978 0.0010000000474974513 7
1761994576160 0.0010000000474974513 8
1761994577365 0.0010000000474974513 9
1761994578668 0.0010000000474974513 10
1761994579858 0.0010000000474974513 11
1761994581264 0.0010000000474974513 12
1761994582382 0.0010000000474974513 13
1761994583979 0.0010000000474974513 14
1761994585159 0.0010000000474974513 15
1761994586279 0.0010000000474974513 16
1761994587399 0.0010000000474974513 17
1761994588738 0.0010000000474974513 18
1761994589849 0.0010000000474974513 19
1761994591044 0.0010000000474974513 20
1761994592651 0.0010000000474974513 21
1761994593758 0.0010000000474974513 22
1761994594945 0.0010000000474974513 23
1761994596064 0.0010000000474974513 24
1761994597179 0.0010000000474974513 25
1761994598335 0.0010000000474974513 26
1761994599459 0.0010000000474974513 27
1761994600521 0.0010000000474974513 28
1761994601584 0.0010000000474974513 29
1761994602790 0.0010000000474974513 30
1761994603925 0.0010000000474974513 31
1761994605224 0.0010000000474974513 32
1761994606385 0.0010000000474974513 33
1761994607773 0.0010000000474974513 34
1761994608907 0.0010000000474974513 35
1761994610190 0.0010000000474974513 36
1761994611306 0.0010000000474974513 37
1761994612373 0.0010000000474974513 38
1761994613557 0.0010000000474974513 39
1761994614606 0.0010000000474974513 40
1761994615670 0.0005000000237487257 41
1761994616788 0.0005000000237487257 42
1761994618021 0.0005000000237487257 43
1761994619138 0.0005000000237487257 44
1761994620355 0.0005000000237487257 45
1761994621421 0.0005000000237487257 46
1761994622804 0.0005000000237487257 47
1761994623870 0.0005000000237487257 48
1761994625121 0.0005000000237487257 49
1761994626253 0.0005000000237487257 50
1761994627320 0.0005000000237487257 51
1761994628486 0.0002500000118743628 52
1761994629702 0.0002500000118743628 53
1761994630919 0.0002500000118743628 54
1761994632102 0.0002500000118743628 55
1761994633268 0.0002500000118743628 56
1761994634385 0.0002500000118743628 57
1761994635751 0.0002500000118743628 58
1761994636867 0.0002500000118743628 59
1761994638385 0.0002500000118743628 60
1761994639645 0.0002500000118743628 61
1761994640717 0.0002500000118743628 62
1761994641850 0.0002500000118743628 63
1761994643050 0.0002500000118743628 64
1761994644124 0.0002500000118743628 65
1761994645183 0.0002500000118743628 66
1761994646381 0.0002500000118743628 67
1761994647565 0.0002500000118743628 68
1761994648683 0.0002500000118743628 69
1761994649848 0.0002500000118743628 70
1761994650917 0.0002500000118743628 71
1761994652027 0.0002500000118743628 72
1761994653220 0.0002500000118743628 73
1761994654680 0.0002500000118743628 74
1761994655747 0.0002500000118743628 75
1761994657013 0.0002500000118743628 76
1761994658205 0.0002500000118743628 77
1761994659346 0.0002500000118743628 78
1761994660780 0.0002500000118743628 79
1761994662007 0.0002500000118743628 80
1761994663445 0.0002500000118743628 81
1761994665928 0.0002500000118743628 82
1761994667010 0.0002500000118743628 83
1761994668085 0.0001250000059371814 84
1761994669494 0.0001250000059371814 85
1761994670592 0.0001250000059371814 86
1761994671727 0.0001250000059371814 87
1761994672808 0.0001250000059371814 88
1761994564298 0.0010000000474974513 0
1761994685668 0.0002500000118743628 89
