1761994564298 1.7483633756637573 0
1761994565849 1.6034902334213257 1
1761994567004 1.5217841863632202 2
1761994568126 1.4307408332824707 3
1761994569910 1.3723235130310059 4
1761994572615 1.322550892829895 5
1761994573825 1.3106358051300049 6
1761994574978 1.2238056659698486 7
1761994576160 1.1854244470596313 8
1761994577365 1.140692114830017 9
1761994578668 1.1144177913665771 10
1761994579858 1.1168853044509888 11
1761994581264 1.047645092010498 12
1761994582382 1.0754770040512085 13
1761994583979 1.0279313325881958 14
1761994585159 0.970441997051239 15
1761994586279 0.9714476466178894 16
1761994587399 0.9290217757225037 17
1761994588738 0.8912520408630371 18
1761994589849 0.9030301570892334 19
1761994591044 0.8792961239814758 20
1761994592651 0.8462034463882446 21
1761994593758 0.8209929466247559 22
1761994594945 0.8251872062683105 23
1761994596064 0.7923259139060974 24
1761994597179 0.8070470690727234 25
1761994598335 0.7612259387969971 26
1761994599459 0.7669662833213806 27
1761994600521 0.7106189727783203 28
1761994601584 0.7141044735908508 29
1761994602790 0.6911654472351074 30
1761994603925 0.6731447577476501 31
1761994605224 0.6532280445098877 32
1761994606385 0.6491154432296753 33
1761994607773 0.6414769291877747 34
1761994608907 0.6376251578330994 35
1761994610190 0.6883981227874756 36
1761994611306 0.6580292582511902 37
1761994612373 0.6298569440841675 38
1761994613557 0.6372577548027039 39
1761994614606 0.6103188395500183 40
1761994615670 0.5866202712059021 41
1761994616788 0.5640363097190857 42
1761994618021 0.5747283697128296 43
1761994619138 0.5662010908126831 44
1761994620355 0.5376932621002197 45
1761994621421 0.5416210889816284 46
1761994622804 0.542083740234375 47
1761994623870 0.5420386791229248 48
1761994625121 0.5192239880561829 49
1761994626253 0.4982822835445404 50
1761994627320 0.49488565325737 51
1761994628486 0.4947187006473541 52
1761994629702 0.4926382005214691 53
1761994630919 0.474186509847641 54
1761994632102 0.48051488399505615 55
1761994633268 0.45930132269859314 56
1761994634385 0.4507494866847992 57
1761994635751 0.4323785603046417 58
1761994636867 0.46042323112487793 59
1761994638385 0.44528844952583313 60
1761994639645 0.43645647168159485 61
1761994640717 0.44078612327575684 62
1761994641850 0.42836371064186096 63
1761994643050 0.45255008339881897 64
1761994644124 0.43224266171455383 65
1761994645183 0.4448114037513733 66
1761994646381 0.4290139675140381 67
1761994647565 0.4250566065311432 68
1761994648683 0.4198749363422394 69
1761994649848 0.434710830450058 70
1761994650917 0.40989619493484497 71
1761994652027 0.4373842179775238 72
1761994653220 0.4337742328643799 73
1761994654680 0.4040696322917938 74
1761994655747 0.4049607813358307 75
1761994657013 0.40497052669525146 76
1761994658205 0.3904659152030945 77
1761994659346 0.41048160195350647 78
1761994660780 0.4069891571998596 79
1761994662007 0.39497214555740356 80
1761994663445 0.39709076285362244 81
1761994665928 0.38855478167533875 82
1761994667010 0.3883470892906189 83
1761994668085 0.38220980763435364 84
1761994669494 0.39125508069992065 85
1761994670592 0.3788532018661499 86
1761994671727 0.3822922706604004 87
1761994672808 0.38052091002464294 88
1761994564298 1.7483633756637573 0
1761994685668 0.41048160195350647 89
