1761994564298 0.031810034066438675 0
1761994565849 0.03805708512663841 1
1761994567004 0.045553144067525864 2
1761994568126 0.05377643555402756 3
1761994569910 0.06099290773272514 4
1761994572615 0.07364016771316528 5
1761994573825 0.07643312215805054 6
1761994574978 0.09045226126909256 7
1761994576160 0.10125142335891724 8
1761994577365 0.11742424219846725 9
1761994578668 0.11953727155923843 10
1761994579858 0.11605937778949738 11
1761994581264 0.14174455404281616 12
1761994582382 0.1319340318441391 13
1761994583979 0.13521544635295868 14
1761994585159 0.15771812200546265 15
1761994586279 0.1559792011976242 16
1761994587399 0.18007662892341614 17
1761994588738 0.185628741979599 18
1761994589849 0.1872340440750122 19
1761994591044 0.1796875 20
1761994592651 0.19956615567207336 21
1761994593758 0.19742488861083984 22
1761994594945 0.20132742822170258 23
1761994596064 0.20489977300167084 24
1761994597179 0.20181405544281006 25
1761994598335 0.21875 26
1761994599459 0.21088434755802155 27
1761994600521 0.23002421855926514 28
1761994601584 0.2395833283662796 29
1761994602790 0.24484536051750183 30
1761994603925 0.266853928565979 31
1761994605224 0.2625698447227478 32
1761994606385 0.2685714364051819 33
1761994607773 0.2541436553001404 34
1761994608907 0.25205478072166443 35
1761994610190 0.22448979318141937 36
1761994611306 0.2124711275100708 37
1761994612373 0.24164524674415588 38
1761994613557 0.22276028990745544 39
1761994614606 0.22979797422885895 40
1761994615670 0.23456789553165436 41
1761994616788 0.2706552743911743 42
1761994618021 0.26376810669898987 43
1761994619138 0.2520325183868408 44
1761994620355 0.2745664715766907 45
1761994621421 0.29523810744285583 46
1761994622804 0.27246376872062683 47
1761994623870 0.29022082686424255 48
1761994625121 0.296875 49
1761994626253 0.29780563712120056 50
1761994627320 0.30351439118385315 51
1761994628486 0.32867133617401123 52
1761994629702 0.31081080436706543 53
1761994630919 0.3298611044883728 54
1761994632102 0.3263157904148102 55
1761994633268 0.34408602118492126 56
1761994634385 0.35687732696533203 57
1761994635751 0.3794466257095337 58
1761994636867 0.3481481373310089 59
1761994638385 0.3481481373310089 60
1761994639645 0.3692307770252228 61
1761994640717 0.3682170510292053 62
1761994641850 0.3769841194152832 63
1761994643050 0.35769230127334595 64
1761994644124 0.35849055647850037 65
1761994645183 0.3457249104976654 66
1761994646381 0.3492647111415863 67
1761994647565 0.38056680560112 68
1761994648683 0.41025641560554504 69
1761994649848 0.3790322542190552 70
1761994650917 0.374015748500824 71
1761994652027 0.35826772451400757 72
1761994653220 0.3549618422985077 73
1761994654680 0.39669421315193176 74
1761994655747 0.39419087767601013 75
1761994657013 0.3790322542190552 76
1761994658205 0.3855421543121338 77
1761994659346 0.40086206793785095 78
1761994660780 0.3549618422985077 79
1761994662007 0.3799999952316284 80
1761994663445 0.37599998712539673 81
1761994665928 0.4000000059604645 82
1761994667010 0.39240506291389465 83
1761994668085 0.41304346919059753 84
1761994669494 0.3696497976779938 85
1761994670592 0.37254902720451355 86
1761994671727 0.4140969216823578 87
1761994672808 0.40425533056259155 88
1761994564298 0.031810034066438675 0
1761994685668 0.40086206793785095 89
