1761994564298 0.7395833134651184 0
1761994565849 0.7916666865348816 1
1761994567004 0.875 2
1761994568126 0.9270833134651184 3
1761994569910 0.8958333134651184 4
1761994572615 0.9166666865348816 5
1761994573825 0.875 6
1761994574978 0.9375 7
1761994576160 0.9270833134651184 8
1761994577365 0.96875 9
1761994578668 0.96875 10
1761994579858 0.8958333134651184 11
1761994581264 0.9479166865348816 12
1761994582382 0.9166666865348816 13
1761994583979 0.9479166865348816 14
1761994585159 0.9791666865348816 15
1761994586279 0.9375 16
1761994587399 0.9791666865348816 17
1761994588738 0.96875 18
1761994589849 0.9166666865348816 19
1761994591044 0.9583333134651184 20
1761994592651 0.9583333134651184 21
1761994593758 0.9583333134651184 22
1761994594945 0.9479166865348816 23
1761994596064 0.9583333134651184 24
1761994597179 0.9270833134651184 25
1761994598335 0.9479166865348816 26
1761994599459 0.96875 27
1761994600521 0.9895833134651184 28
1761994601584 0.9583333134651184 29
1761994602790 0.9895833134651184 30
1761994603925 0.9895833134651184 31
1761994605224 0.9791666865348816 32
1761994606385 0.9791666865348816 33
1761994607773 0.9583333134651184 34
1761994608907 0.9583333134651184 35
1761994610190 0.9166666865348816 36
1761994611306 0.9583333134651184 37
1761994612373 0.9791666865348816 38
1761994613557 0.9583333134651184 39
1761994614606 0.9479166865348816 40
1761994615670 0.9895833134651184 41
1761994616788 0.9895833134651184 42
1761994618021 0.9479166865348816 43
1761994619138 0.96875 44
1761994620355 0.9895833134651184 45
1761994621421 0.96875 46
1761994622804 0.9791666865348816 47
1761994623870 0.9583333134651184 48
1761994625121 0.9895833134651184 49
1761994626253 0.9895833134651184 50
1761994627320 0.9895833134651184 51
1761994628486 0.9791666865348816 52
1761994629702 0.9583333134651184 53
1761994630919 0.9895833134651184 54
1761994632102 0.96875 55
1761994633268 1.0 56
1761994634385 1.0 57
1761994635751 1.0 58
1761994636867 0.9791666865348816 59
1761994638385 0.9791666865348816 60
1761994639645 1.0 61
1761994640717 0.9895833134651184 62
1761994641850 0.9895833134651184 63
1761994643050 0.96875 64
1761994644124 0.9895833134651184 65
1761994645183 0.96875 66
1761994646381 0.9895833134651184 67
1761994647565 0.9791666865348816 68
1761994648683 1.0 69
1761994649848 0.9791666865348816 70
1761994650917 0.9895833134651184 71
1761994652027 0.9479166865348816 72
1761994653220 0.96875 73
1761994654680 1.0 74
1761994655747 0.9895833134651184 75
1761994657013 0.9791666865348816 76
1761994658205 1.0 77
1761994659346 0.96875 78
1761994660780 0.96875 79
1761994662007 0.9895833134651184 80
1761994663445 0.9791666865348816 81
1761994665928 0.9791666865348816 82
1761994667010 0.96875 83
1761994668085 0.9895833134651184 84
1761994669494 0.9895833134651184 85
1761994670592 0.9895833134651184 86
1761994671727 0.9791666865348816 87
1761994672808 0.9895833134651184 88
1761994564298 0.7395833134651184 0
1761994685668 0.96875 89
