1761994738701 0.6060314178466797 0
1761994739799 0.7354741096496582 1
1761994740947 0.8012617230415344 2
1761994742065 0.8229017853736877 3
1761994743183 0.8381819128990173 4
1761994744314 0.8792784810066223 5
1761994745658 0.874291718006134 6
1761994746780 0.9094429612159729 7
1761994747894 0.927581250667572 8
1761994749074 0.9253766536712646 9
1761994750178 0.950249433517456 10
1761994751209 0.9318323135375977 11
1761994752269 0.9563777446746826 12
1761994753442 0.9544893503189087 13
1761994754558 0.9548665285110474 14
1761994755608 0.951479434967041 15
1761994756775 0.96184241771698 16
1761994758075 0.9654039144515991 17
1761994759146 0.9695479273796082 18
1761994760259 0.9750401377677917 19
1761994761324 0.9710069298744202 20
1761994762453 0.9755579829216003 21
1761994763557 0.981056272983551 22
1761994764625 0.9805185794830322 23
1761994765823 0.9788716435432434 24
1761994766906 0.9752591252326965 25
1761994767972 0.9820446372032166 26
1761994769087 0.9713180661201477 27
1761994770447 0.9765649437904358 28
1761994771488 0.984665036201477 29
1761994772722 0.9740604758262634 30
1761994773772 0.9832109212875366 31
1761994774938 0.9800554513931274 32
1761994776054 0.9863742589950562 33
1761994777320 0.9889534711837769 34
1761994778454 0.9813277125358582 35
1761994779886 0.9864513278007507 36
1761994780986 0.9831201434135437 37
1761994782152 0.9826733469963074 38
1761994783187 0.9808309674263 39
1761994784302 0.9835271835327148 40
1761994785518 0.9855663180351257 41
1761994786585 0.9862421751022339 42
1761994788018 0.9870363473892212 43
1761994789118 0.9893755316734314 44
1761994790184 0.9874720573425293 45
1761994791311 0.9867090582847595 46
1761994792517 0.9875854849815369 47
1761994793634 0.9875405430793762 48
1761994794833 0.9822002053260803 49
1761994795913 0.979831337928772 50
1761994797000 0.9875965118408203 51
1761994798349 0.990541934967041 52
1761994799632 0.981849193572998 53
1761994800882 0.981981098651886 54
1761994802065 0.9823099970817566 55
1761994803215 0.9890953898429871 56
1761994804265 0.9878517985343933 57
1761994805730 0.9912638664245605 58
1761994806997 0.9912837147712708 59
1761994808297 0.9912649393081665 60
1761994809697 0.9860206246376038 61
1761994810847 0.9886235594749451 62
1761994811896 0.9888612627983093 63
1761994812982 0.9892286062240601 64
1761994814198 0.9895833730697632 65
1761994815472 0.9872007369995117 66
1761994816545 0.988377034664154 67
1761994817677 0.9951614737510681 68
1761994819166 0.9928958415985107 69
1761994820445 0.9940100312232971 70
1761994821577 0.993483304977417 71
1761994822644 0.9938803911209106 72
1761994823712 0.9945575594902039 73
1761994825012 0.992854654788971 74
1761994826142 0.9941381216049194 75
1761994827476 0.9941468834877014 76
1761994828543 0.9944344162940979 77
1761994829925 0.9954104423522949 78
1761994830993 0.9962556958198547 79
1761994832325 0.9933291077613831 80
1761994833392 0.995364248752594 81
1761994834793 0.9937584400177002 82
1761994836091 0.9956692457199097 83
1761994837324 0.9929892420768738 84
1761994838392 0.9915701746940613 85
1761994839492 0.9914367198944092 86
1761994840840 0.9939936995506287 87
1761994841907 0.9941754341125488 88
1761994843207 0.9935107231140137 89
1761994844372 0.9959058165550232 90
1761994845505 0.9962591528892517 91
1761994738701 0.6060314178466797 0
1761994858670 0.995364248752594 92
