1761994738701 0.0010000000474974513 0
1761994739799 0.0010000000474974513 1
1761994740947 0.0010000000474974513 2
1761994742065 0.0010000000474974513 3
1761994743183 0.0010000000474974513 4
1761994744314 0.0010000000474974513 5
1761994745658 0.0010000000474974513 6
1761994746780 0.0010000000474974513 7
1761994747894 0.0010000000474974513 8
1761994749074 0.0010000000474974513 9
1761994750178 0.0010000000474974513 10
1761994751209 0.0010000000474974513 11
1761994752269 0.0010000000474974513 12
1761994753442 0.0010000000474974513 13
1761994754558 0.0010000000474974513 14
1761994755608 0.0010000000474974513 15
1761994756775 0.0010000000474974513 16
1761994758075 0.0010000000474974513 17
1761994759146 0.0010000000474974513 18
1761994760259 0.0010000000474974513 19
1761994761324 0.0010000000474974513 20
1761994762453 0.0010000000474974513 21
1761994763557 0.0010000000474974513 22
1761994764625 0.0010000000474974513 23
1761994765823 0.0010000000474974513 24
1761994766906 0.0010000000474974513 25
1761994767972 0.0010000000474974513 26
1761994769087 0.0010000000474974513 27
1761994770447 0.0010000000474974513 28
1761994771488 0.0010000000474974513 29
1761994772722 0.0010000000474974513 30
1761994773772 0.0010000000474974513 31
1761994774938 0.0010000000474974513 32
1761994776054 0.0010000000474974513 33
1761994777320 0.0010000000474974513 34
1761994778454 0.0010000000474974513 35
1761994779886 0.0010000000474974513 36
1761994780986 0.0010000000474974513 37
1761994782152 0.0010000000474974513 38
1761994783187 0.0010000000474974513 39
1761994784302 0.0010000000474974513 40
1761994785518 0.0010000000474974513 41
1761994786585 0.0010000000474974513 42
1761994788018 0.0010000000474974513 43
1761994789118 0.0010000000474974513 44
1761994790184 0.0010000000474974513 45
1761994791311 0.0010000000474974513 46
1761994792517 0.0010000000474974513 47
1761994793634 0.0010000000474974513 48
1761994794833 0.0010000000474974513 49
1761994795913 0.0010000000474974513 50
1761994797000 0.0010000000474974513 51
1761994798349 0.0010000000474974513 52
1761994799632 0.0010000000474974513 53
1761994800882 0.0010000000474974513 54
1761994802065 0.0010000000474974513 55
1761994803215 0.0010000000474974513 56
1761994804265 0.0010000000474974513 57
1761994805730 0.0010000000474974513 58
1761994806997 0.0010000000474974513 59
1761994808297 0.0010000000474974513 60
1761994809697 0.0010000000474974513 61
1761994810847 0.0010000000474974513 62
1761994811896 0.0010000000474974513 63
1761994812982 0.0010000000474974513 64
1761994814198 0.0010000000474974513 65
1761994815472 0.0005000000237487257 66
1761994816545 0.0005000000237487257 67
1761994817677 0.0005000000237487257 68
1761994819166 0.0005000000237487257 69
1761994820445 0.0005000000237487257 70
1761994821577 0.0005000000237487257 71
1761994822644 0.0005000000237487257 72
1761994823712 0.0005000000237487257 73
1761994825012 0.0005000000237487257 74
1761994826142 0.0005000000237487257 75
1761994827476 0.0005000000237487257 76
1761994828543 0.0005000000237487257 77
1761994829925 0.0005000000237487257 78
1761994830993 0.0005000000237487257 79
1761994832325 0.0005000000237487257 80
1761994833392 0.0005000000237487257 81
1761994834793 0.0005000000237487257 82
1761994836091 0.0005000000237487257 83
1761994837324 0.0005000000237487257 84
1761994838392 0.0005000000237487257 85
1761994839492 0.0005000000237487257 86
1761994840840 0.0002500000118743628 87
1761994841907 0.0002500000118743628 88
1761994843207 0.0002500000118743628 89
1761994844372 0.0002500000118743628 90
1761994845505 0.0002500000118743628 91
1761994738701 0.0010000000474974513 0
1761994858670 0.0005000000237487257 92
