1761994738701 1.781445026397705 0
1761994739799 1.6185425519943237 1
1761994740947 1.5155704021453857 2
1761994742065 1.4762910604476929 3
1761994743183 1.4473165273666382 4
1761994744314 1.3724855184555054 5
1761994745658 1.3609594106674194 6
1761994746780 1.286661982536316 7
1761994747894 1.2397931814193726 8
1761994749074 1.2294174432754517 9
1761994750178 1.1537421941757202 10
1761994751209 1.1744674444198608 11
1761994752269 1.1008868217468262 12
1761994753442 1.087909460067749 13
1761994754558 1.0710006952285767 14
1761994755608 1.0666303634643555 15
1761994756775 1.0216238498687744 16
1761994758075 0.9953885674476624 17
1761994759146 0.9623360633850098 18
1761994760259 0.9262412190437317 19
1761994761324 0.9248533248901367 20
1761994762453 0.8954858183860779 21
1761994763557 0.8541638255119324 22
1761994764625 0.8429951667785645 23
1761994765823 0.8366945385932922 24
1761994766906 0.8423851728439331 25
1761994767972 0.7984905242919922 26
1761994769087 0.8337984681129456 27
1761994770447 0.8007469177246094 28
1761994771488 0.7527077794075012 29
1761994772722 0.7886425256729126 30
1761994773772 0.7316235303878784 31
1761994774938 0.7348816990852356 32
1761994776054 0.701583206653595 33
1761994777320 0.6723397374153137 34
1761994778454 0.7096176743507385 35
1761994779886 0.6619360446929932 36
1761994780986 0.6730777621269226 37
1761994782152 0.6664380431175232 38
1761994783187 0.6723498106002808 39
1761994784302 0.6414501667022705 40
1761994785518 0.6276320815086365 41
1761994786585 0.605496346950531 42
1761994788018 0.5931907892227173 43
1761994789118 0.570935845375061 44
1761994790184 0.5731167793273926 45
1761994791311 0.5729459524154663 46
1761994792517 0.5607941150665283 47
1761994793634 0.5470203757286072 48
1761994794833 0.5743560791015625 49
1761994795913 0.5812132954597473 50
1761994797000 0.5309925079345703 51
1761994798349 0.511522650718689 52
1761994799632 0.5621704459190369 53
1761994800882 0.5583907961845398 54
1761994802065 0.5553170442581177 55
1761994803215 0.5049147009849548 56
1761994804265 0.5030632019042969 57
1761994805730 0.4725812077522278 58
1761994806997 0.47085726261138916 59
1761994808297 0.4571826159954071 60
1761994809697 0.49150973558425903 61
1761994810847 0.4784988760948181 62
1761994811896 0.4664296805858612 63
1761994812982 0.4626900553703308 64
1761994814198 0.45023176074028015 65
1761994815472 0.4640352725982666 66
1761994816545 0.44357895851135254 67
1761994817677 0.40108200907707214 68
1761994819166 0.4051869213581085 69
1761994820445 0.38741153478622437 70
1761994821577 0.38808783888816833 71
1761994822644 0.3837563693523407 72
1761994823712 0.3743140399456024 73
1761994825012 0.39056098461151123 74
1761994826142 0.3751986026763916 75
1761994827476 0.3656649887561798 76
1761994828543 0.3624759316444397 77
1761994829925 0.34797507524490356 78
1761994830993 0.3344039022922516 79
1761994832325 0.3636058270931244 80
1761994833392 0.34662631154060364 81
1761994834793 0.35941222310066223 82
1761994836091 0.3371880352497101 83
1761994837324 0.35850420594215393 84
1761994838392 0.3735373616218567 85
1761994839492 0.37433749437332153 86
1761994840840 0.3505425453186035 87
1761994841907 0.34500014781951904 88
1761994843207 0.34007975459098816 89
1761994844372 0.33199700713157654 90
1761994845505 0.3207884728908539 91
1761994738701 1.781445026397705 0
1761994858670 0.34662631154060364 92
