1761994738701 0.029928741976618767 0
1761994739799 0.03760514780879021 1
1761994740947 0.04602272808551788 2
1761994742065 0.049879807978868484 3
1761994743183 0.057543858885765076 4
1761994744314 0.0628233551979065 5
1761994745658 0.06836903095245361 6
1761994746780 0.0760389044880867 7
1761994747894 0.0892678052186966 8
1761994749074 0.085317462682724 9
1761994750178 0.10952381044626236 10
1761994751209 0.10727497190237045 11
1761994752269 0.12066752463579178 12
1761994753442 0.12534435093402863 13
1761994754558 0.12973761558532715 14
1761994755608 0.11894882470369339 15
1761994756775 0.1399689018726349 16
1761994758075 0.143548384308815 17
1761994759146 0.1595197319984436 18
1761994760259 0.17560073733329773 19
1761994761324 0.16287215054035187 20
1761994762453 0.17953668534755707 21
1761994763557 0.2047930210828781 22
1761994764625 0.20129869878292084 23
1761994765823 0.20871560275554657 24
1761994766906 0.180914506316185 25
1761994767972 0.20720720291137695 26
1761994769087 0.19777777791023254 27
1761994770447 0.18473894894123077 28
1761994771488 0.21962617337703705 29
1761994772722 0.2102803736925125 30
1761994773772 0.21830986440181732 31
1761994774938 0.2266009896993637 32
1761994776054 0.23469388484954834 33
1761994777320 0.2670454680919647 34
1761994778454 0.22976501286029816 35
1761994779886 0.2385786771774292 36
1761994780986 0.25 37
1761994782152 0.22794117033481598 38
1761994783187 0.23096446692943573 39
1761994784302 0.23019802570343018 40
1761994785518 0.237726092338562 41
1761994786585 0.27272728085517883 42
1761994788018 0.24802111089229584 43
1761994789118 0.2705882489681244 44
1761994790184 0.2822085916996002 45
1761994791311 0.2708333432674408 46
1761994792517 0.266475647687912 47
1761994793634 0.27218934893608093 48
1761994794833 0.2369791716337204 49
1761994795913 0.21985815465450287 50
1761994797000 0.25815218687057495 51
1761994798349 0.28792569041252136 52
1761994799632 0.22842639684677124 53
1761994800882 0.23733332753181458 54
1761994802065 0.21882352232933044 55
1761994803215 0.26478874683380127 56
1761994804265 0.2621082663536072 57
1761994805730 0.2857142984867096 58
1761994806997 0.30293160676956177 59
1761994808297 0.28787878155708313 60
1761994809697 0.27138644456863403 61
1761994810847 0.287066251039505 62
1761994811896 0.28143712878227234 63
1761994812982 0.2835365831851959 64
1761994814198 0.2950310707092285 65
1761994815472 0.27272728085517883 66
1761994816545 0.29523810744285583 67
1761994817677 0.3405017852783203 68
1761994819166 0.3465704023838043 69
1761994820445 0.3595505654811859 70
1761994821577 0.3700787425041199 71
1761994822644 0.34944239258766174 72
1761994823712 0.3667953610420227 73
1761994825012 0.3309091031551361 74
1761994826142 0.37154150009155273 75
1761994827476 0.36090224981307983 76
1761994828543 0.35849055647850037 77
1761994829925 0.380952388048172 78
1761994830993 0.4247787594795227 79
1761994832325 0.3720000088214874 80
1761994833392 0.3877550959587097 81
1761994834793 0.35580524802207947 82
1761994836091 0.380952388048172 83
1761994837324 0.3815261125564575 84
1761994838392 0.35361215472221375 85
1761994839492 0.3492647111415863 86
1761994840840 0.35606059432029724 87
1761994841907 0.3598484992980957 88
1761994843207 0.3650190234184265 89
1761994844372 0.3686274588108063 90
1761994845505 0.40425533056259155 91
1761994738701 0.029928741976618767 0
1761994858670 0.3877550959587097 92
