1761994738701 0.65625 0
1761994739799 0.7916666865348816 1
1761994740947 0.84375 2
1761994742065 0.8645833134651184 3
1761994743183 0.8541666865348816 4
1761994744314 0.8854166865348816 5
1761994745658 0.8645833134651184 6
1761994746780 0.8958333134651184 7
1761994747894 0.9270833134651184 8
1761994749074 0.8958333134651184 9
1761994750178 0.9583333134651184 10
1761994751209 0.90625 11
1761994752269 0.9791666865348816 12
1761994753442 0.9479166865348816 13
1761994754558 0.9270833134651184 14
1761994755608 0.8958333134651184 15
1761994756775 0.9375 16
1761994758075 0.9270833134651184 17
1761994759146 0.96875 18
1761994760259 0.9895833134651184 19
1761994761324 0.96875 20
1761994762453 0.96875 21
1761994763557 0.9791666865348816 22
1761994764625 0.96875 23
1761994765823 0.9479166865348816 24
1761994766906 0.9479166865348816 25
1761994767972 0.9583333134651184 26
1761994769087 0.9270833134651184 27
1761994770447 0.9583333134651184 28
1761994771488 0.9791666865348816 29
1761994772722 0.9375 30
1761994773772 0.96875 31
1761994774938 0.9583333134651184 32
1761994776054 0.9583333134651184 33
1761994777320 0.9791666865348816 34
1761994778454 0.9166666865348816 35
1761994779886 0.9791666865348816 36
1761994780986 0.9375 37
1761994782152 0.96875 38
1761994783187 0.9479166865348816 39
1761994784302 0.96875 40
1761994785518 0.9583333134651184 41
1761994786585 0.96875 42
1761994788018 0.9791666865348816 43
1761994789118 0.9583333134651184 44
1761994790184 0.9583333134651184 45
1761994791311 0.9479166865348816 46
1761994792517 0.96875 47
1761994793634 0.9583333134651184 48
1761994794833 0.9479166865348816 49
1761994795913 0.96875 50
1761994797000 0.9895833134651184 51
1761994798349 0.96875 52
1761994799632 0.9375 53
1761994800882 0.9270833134651184 54
1761994802065 0.96875 55
1761994803215 0.9791666865348816 56
1761994804265 0.9583333134651184 57
1761994805730 0.9791666865348816 58
1761994806997 0.96875 59
1761994808297 0.9895833134651184 60
1761994809697 0.9583333134651184 61
1761994810847 0.9479166865348816 62
1761994811896 0.9791666865348816 63
1761994812982 0.96875 64
1761994814198 0.9895833134651184 65
1761994815472 0.96875 66
1761994816545 0.96875 67
1761994817677 0.9895833134651184 68
1761994819166 1.0 69
1761994820445 1.0 70
1761994821577 0.9791666865348816 71
1761994822644 0.9791666865348816 72
1761994823712 0.9895833134651184 73
1761994825012 0.9479166865348816 74
1761994826142 0.9791666865348816 75
1761994827476 1.0 76
1761994828543 0.9895833134651184 77
1761994829925 1.0 78
1761994830993 1.0 79
1761994832325 0.96875 80
1761994833392 0.9895833134651184 81
1761994834793 0.9895833134651184 82
1761994836091 1.0 83
1761994837324 0.9895833134651184 84
1761994838392 0.96875 85
1761994839492 0.9895833134651184 86
1761994840840 0.9791666865348816 87
1761994841907 0.9895833134651184 88
1761994843207 1.0 89
1761994844372 0.9791666865348816 90
1761994845505 0.9895833134651184 91
1761994738701 0.65625 0
1761994858670 0.9895833134651184 92
