1761988969047 0.7235425710678101 0
1761988970255 0.8420196771621704 1
1761988971339 0.8521637320518494 2
1761988972422 0.8979644179344177 3
1761988973834 0.9320825338363647 4
1761988974922 0.9323389530181885 5
1761988975954 0.9469132423400879 6
1761988976981 0.9521614909172058 7
1761988978019 0.9530328512191772 8
1761988979166 0.967091977596283 9
1761988980219 0.967014729976654 10
1761988981281 0.966849148273468 11
1761988982314 0.974762499332428 12
1761988983331 0.9697981476783752 13
1761988984364 0.9756698608398438 14
1761988969047 0.7235425710678101 0
1761989026804 0.9320825338363647 15
