1761988969047 0.0010000000474974513 0
1761988970255 0.0010000000474974513 1
1761988971339 0.0010000000474974513 2
1761988972422 0.0010000000474974513 3
1761988973834 0.0010000000474974513 4
1761988974922 0.0010000000474974513 5
1761988975954 0.0010000000474974513 6
1761988976981 0.0010000000474974513 7
1761988978019 0.0010000000474974513 8
1761988979166 0.0010000000474974513 9
1761988980219 0.0005000000237487257 10
1761988981281 0.0005000000237487257 11
1761988982314 0.0005000000237487257 12
1761988983331 0.0005000000237487257 13
1761988984364 0.0005000000237487257 14
1761988969047 0.0010000000474974513 0
1761989026804 0.0010000000474974513 15
