1761988969047 0.7760003209114075 0
1761988970255 0.6493601202964783 1
1761988971339 0.6231085062026978 2
1761988972422 0.5582936406135559 3
1761988973834 0.49225082993507385 4
1761988974922 0.4722401797771454 5
1761988975954 0.4389949142932892 6
1761988976981 0.41776779294013977 7
1761988978019 0.40780407190322876 8
1761988979166 0.366411954164505 9
1761988980219 0.3613133728504181 10
1761988981281 0.3589867949485779 11
1761988982314 0.33131182193756104 12
1761988983331 0.3437587320804596 13
1761988984364 0.3232137858867645 14
1761988969047 0.7760003209114075 0
1761989026804 0.49225082993507385 15
