1761988969047 0.0356435626745224 0
1761988970255 0.04977116733789444 1
1761988971339 0.058463629335165024 2
1761988972422 0.06737320125102997 3
1761988973834 0.08235294371843338 4
1761988974922 0.0945494994521141 5
1761988975954 0.10262257605791092 6
1761988976981 0.11651728302240372 7
1761988978019 0.12100139260292053 8
1761988979166 0.13722628355026245 9
1761988980219 0.14418604969978333 10
1761988981281 0.1461794078350067 11
1761988982314 0.1657848358154297 12
1761988983331 0.16485507786273956 13
1761988984364 0.16727273166179657 14
1761988969047 0.0356435626745224 0
1761989026804 0.08235294371843338 15
