1761988969047 0.75 0
1761988970255 0.90625 1
1761988971339 0.8958333134651184 2
1761988972422 0.9270833134651184 3
1761988973834 0.9479166865348816 4
1761988974922 0.8854166865348816 5
1761988975954 0.9375 6
1761988976981 0.9479166865348816 7
1761988978019 0.90625 8
1761988979166 0.9791666865348816 9
1761988980219 0.96875 10
1761988981281 0.9166666865348816 11
1761988982314 0.9791666865348816 12
1761988983331 0.9479166865348816 13
1761988984364 0.9583333134651184 14
1761988969047 0.75 0
1761989026804 0.9479166865348816 15
