1760991391771 0.9879489541053772 0
1760991392607 0.9890123009681702 1
1760991393383 0.9899574518203735 2
1760991394131 0.989130437374115 3
1760991394881 0.9910207986831665 4
1760991395627 0.9909026622772217 5
1760991396332 0.9920841455459595 6
1760991397076 0.991375207901001 7
1760991397773 0.991847813129425 8
1760991398532 0.9927930235862732 9
1760991399218 0.9931474328041077 10
1760991399927 0.9919659495353699 11
1760991400618 0.9919659495353699 12
1760991401305 0.992911159992218 13
1760991402831 0.993974506855011 14
1760991403581 0.9938563108444214 15
1760991404260 0.9957466721534729 16
1760991404947 0.9953922629356384 17
1760991405638 0.9964555501937866 18
1760991391771 0.9879489541053772 0
1760991417080 0.991847813129425 19
