1760991391771 0.0010000000474974513 0
1760991392607 0.0010000000474974513 1
1760991393383 0.0010000000474974513 2
1760991394131 0.0010000000474974513 3
1760991394881 0.0010000000474974513 4
1760991395627 0.0010000000474974513 5
1760991396332 0.0010000000474974513 6
1760991397076 0.0010000000474974513 7
1760991397773 0.0010000000474974513 8
1760991398532 0.0010000000474974513 9
1760991399218 0.0010000000474974513 10
1760991399927 0.0010000000474974513 11
1760991400618 0.0010000000474974513 12
1760991401305 0.0010000000474974513 13
1760991402831 0.0005000000237487257 14
1760991403581 0.0005000000237487257 15
1760991404260 0.0005000000237487257 16
1760991404947 0.0005000000237487257 17
1760991405638 0.0005000000237487257 18
1760991391771 0.0010000000474974513 0
1760991417080 0.0010000000474974513 19
