1760991391771 0.007334371097385883 0
1760991392607 0.00412115640938282 1
1760991393383 0.004375654738396406 2
1760991394131 0.004268789663910866 3
1760991394881 0.0034350829664617777 4
1760991395627 0.0036648805253207684 5
1760991396332 0.002908300142735243 6
1760991397076 0.0034519797191023827 7
1760991397773 0.0028923461213707924 8
1760991398532 0.00236894260160625 9
1760991399218 0.0023502237163484097 10
1760991399927 0.0030516425613313913 11
1760991400618 0.002777338959276676 12
1760991401305 0.002574379788711667 13
1760991402831 0.0020696939900517464 14
1760991403581 0.0019589653238654137 15
1760991404260 0.0014801527140662074 16
1760991404947 0.00167633849196136 17
1760991405638 0.0015220060013234615 18
1760991391771 0.007334371097385883 0
1760991417080 0.0028923461213707924 19
