1762003497879 0.6884989738464355 0
1762003508058 0.8013951778411865 1
1762003509522 0.8811565637588501 2
1762003510993 0.9074877500534058 3
1762003512290 0.8965460658073425 4
1762003514893 0.928882360458374 5
1762003516319 0.9341970682144165 6
1762003517756 0.9410778284072876 7
1762003519046 0.9606414437294006 8
1762003520253 0.9608638286590576 9
1762003521696 0.9576465487480164 10
1762003523018 0.9660472869873047 11
1762003524453 0.9766250252723694 12
1762003526827 0.9710738062858582 13
1762003528038 0.969664454460144 14
1762003529281 0.9756773710250854 15
1762003530617 0.9694522619247437 16
1762003531973 0.9791209101676941 17
1762003533258 0.9856391549110413 18
1762003534543 0.9820116758346558 19
1762003535947 0.9841963052749634 20
1762003537744 0.9834235906600952 21
1762003542178 0.9875486493110657 22
1762003545309 0.9834929704666138 23
1762003551691 0.9865071773529053 24
1762003555994 0.9844818711280823 25
1762003560945 0.9853677749633789 26
1762003566918 0.9909164905548096 27
1762003570522 0.9907428622245789 28
1762003572016 0.9866601824760437 29
1762003573796 0.9886006116867065 30
1762003575093 0.9923295974731445 31
1762003577649 0.9897193312644958 32
1762003579969 0.9864672422409058 33
1762003581929 0.9891226291656494 34
1762003583267 0.9874277710914612 35
1762003584824 0.9912416934967041 36
1762003586236 0.9892576932907104 37
1762003587731 0.9919000864028931 38
1762003590345 0.9937107563018799 39
1762003591998 0.9936412572860718 40
1762003594229 0.9925687313079834 41
1762003596105 0.994918167591095 42
1762003597380 0.9932824373245239 43
1762003598629 0.9922589063644409 44
1762003600095 0.9951406121253967 45
1762003602699 0.9929313659667969 46
1762003604028 0.9899019002914429 47
1762003605864 0.9886146783828735 48
1762003607572 0.990079402923584 49
1762003610013 0.9940425157546997 50
1762003611581 0.9940308928489685 51
1762003613209 0.9951109886169434 52
1762003614775 0.994824230670929 53
1762003616055 0.9949310421943665 54
1762003617479 0.9942764639854431 55
1762003620240 0.995820939540863 56
1762003622896 0.9946970343589783 57
1762003625698 0.9953052997589111 58
1762003627436 0.9952473044395447 59
1762003629054 0.9935755133628845 60
1762003630990 0.9930922985076904 61
1762003632469 0.9920724630355835 62
1762003637718 0.9937415719032288 63
1762003644591 0.9949837923049927 64
1762003647101 0.9931873083114624 65
1762003650444 0.9963390231132507 66
1762003653485 0.9953861832618713 67
1762003655173 0.9960715770721436 68
1762003657755 0.9967930316925049 69
1762003662232 0.9970758557319641 70
1762003663835 0.9966475963592529 71
1762003666293 0.9979605674743652 72
1762003667920 0.9957295656204224 73
1762003669217 0.9971568584442139 74
1762003671736 0.9970733523368835 75
1762003673318 0.9963494539260864 76
1762003675291 0.9965165853500366 77
1762003678658 0.9965292811393738 78
1762003680644 0.9977858066558838 79
1762003682340 0.99775230884552 80
1762003686376 0.9975477457046509 81
1762003690275 0.9966000318527222 82
1762003692259 0.998217761516571 83
1762003694814 0.9967801570892334 84
1762003697518 0.9980647563934326 85
1762003699157 0.9973587989807129 86
1762003700880 0.9979400038719177 87
1762003702693 0.9964534640312195 88
1762003704119 0.9976611137390137 89
1762003705731 0.9980416297912598 90
1762003707128 0.9978088140487671 91
1762003709622 0.9965410828590393 92
1762003711234 0.9974270462989807 93
1762003712928 0.9973973631858826 94
1762003714503 0.9986858367919922 95
1762003717010 0.998175323009491 96
1762003719110 0.9971954822540283 97
1762003720535 0.9984685182571411 98
1762003723614 0.9975041151046753 99
1762003497879 0.6884989738464355 0
