1762003497879 0.0010000000474974513 0
1762003508058 0.0010000000474974513 1
1762003509522 0.0010000000474974513 2
1762003510993 0.0010000000474974513 3
1762003512290 0.0010000000474974513 4
1762003514893 0.0010000000474974513 5
1762003516319 0.0010000000474974513 6
1762003517756 0.0010000000474974513 7
1762003519046 0.0010000000474974513 8
1762003520253 0.0010000000474974513 9
1762003521696 0.0010000000474974513 10
1762003523018 0.0010000000474974513 11
1762003524453 0.0010000000474974513 12
1762003526827 0.0010000000474974513 13
1762003528038 0.0010000000474974513 14
1762003529281 0.0010000000474974513 15
1762003530617 0.0010000000474974513 16
1762003531973 0.0005000000237487257 17
1762003533258 0.0005000000237487257 18
1762003534543 0.0005000000237487257 19
1762003535947 0.0005000000237487257 20
1762003537744 0.0005000000237487257 21
1762003542178 0.0005000000237487257 22
1762003545309 0.0005000000237487257 23
1762003551691 0.0005000000237487257 24
1762003555994 0.0005000000237487257 25
1762003560945 0.0005000000237487257 26
1762003566918 0.0005000000237487257 27
1762003570522 0.0005000000237487257 28
1762003572016 0.0005000000237487257 29
1762003573796 0.0005000000237487257 30
1762003575093 0.0005000000237487257 31
1762003577649 0.0005000000237487257 32
1762003579969 0.0005000000237487257 33
1762003581929 0.0005000000237487257 34
1762003583267 0.0005000000237487257 35
1762003584824 0.0005000000237487257 36
1762003586236 0.0005000000237487257 37
1762003587731 0.0005000000237487257 38
1762003590345 0.0005000000237487257 39
1762003591998 0.0005000000237487257 40
1762003594229 0.0005000000237487257 41
1762003596105 0.0005000000237487257 42
1762003597380 0.0005000000237487257 43
1762003598629 0.0005000000237487257 44
1762003600095 0.0005000000237487257 45
1762003602699 0.0005000000237487257 46
1762003604028 0.0005000000237487257 47
1762003605864 0.0005000000237487257 48
1762003607572 0.0005000000237487257 49
1762003610013 0.0005000000237487257 50
1762003611581 0.0005000000237487257 51
1762003613209 0.0005000000237487257 52
1762003614775 0.0005000000237487257 53
1762003616055 0.0005000000237487257 54
1762003617479 0.0005000000237487257 55
1762003620240 0.0005000000237487257 56
1762003622896 0.0005000000237487257 57
1762003625698 0.0005000000237487257 58
1762003627436 0.0005000000237487257 59
1762003629054 0.0005000000237487257 60
1762003630990 0.0002500000118743628 61
1762003632469 0.0002500000118743628 62
1762003637718 0.0002500000118743628 63
1762003644591 0.0002500000118743628 64
1762003647101 0.0002500000118743628 65
1762003650444 0.0002500000118743628 66
1762003653485 0.0002500000118743628 67
1762003655173 0.0002500000118743628 68
1762003657755 0.0002500000118743628 69
1762003662232 0.0002500000118743628 70
1762003663835 0.0002500000118743628 71
1762003666293 0.0002500000118743628 72
1762003667920 0.0002500000118743628 73
1762003669217 0.0002500000118743628 74
1762003671736 0.0002500000118743628 75
1762003673318 0.0002500000118743628 76
1762003675291 0.0002500000118743628 77
1762003678658 0.0002500000118743628 78
1762003680644 0.0002500000118743628 79
1762003682340 0.0001250000059371814 80
1762003686376 0.0001250000059371814 81
1762003690275 0.0001250000059371814 82
1762003692259 0.0001250000059371814 83
1762003694814 0.0001250000059371814 84
1762003697518 0.0001250000059371814 85
1762003699157 0.0001250000059371814 86
1762003700880 6.25000029685907e-05 87
1762003702693 6.25000029685907e-05 88
1762003704119 6.25000029685907e-05 89
1762003705731 6.25000029685907e-05 90
1762003707128 6.25000029685907e-05 91
1762003709622 6.25000029685907e-05 92
1762003711234 6.25000029685907e-05 93
1762003712928 6.25000029685907e-05 94
1762003714503 3.125000148429535e-05 95
1762003717010 3.125000148429535e-05 96
1762003719110 3.125000148429535e-05 97
1762003720535 3.125000148429535e-05 98
1762003723614 3.125000148429535e-05 99
1762003497879 0.0010000000474974513 0
