1762003497879 2.097438335418701 0
1762003508058 1.906109094619751 1
1762003509522 1.7769170999526978 2
1762003510993 1.684585690498352 3
1762003512290 1.6658787727355957 4
1762003514893 1.5753250122070312 5
1762003516319 1.5258171558380127 6
1762003517756 1.4717447757720947 7
1762003519046 1.394179105758667 8
1762003520253 1.354052186012268 9
1762003521696 1.329906702041626 10
1762003523018 1.27451491355896 11
1762003524453 1.2075327634811401 12
1762003526827 1.1970735788345337 13
1762003528038 1.1715930700302124 14
1762003529281 1.1271902322769165 15
1762003530617 1.1238802671432495 16
1762003531973 1.0681824684143066 17
1762003533258 1.0184158086776733 18
1762003534543 1.016658067703247 19
1762003535947 0.9956446290016174 20
1762003537744 0.979913055896759 21
1762003542178 0.9510098099708557 22
1762003545309 0.9486485719680786 23
1762003551691 0.9213597774505615 24
1762003555994 0.9164024591445923 25
1762003560945 0.9059139490127563 26
1762003566918 0.8610481023788452 27
1762003570522 0.8415136337280273 28
1762003572016 0.8570410013198853 29
1762003573796 0.8283371925354004 30
1762003575093 0.7974036335945129 31
1762003577649 0.7941073179244995 32
1762003579969 0.8072059750556946 33
1762003581929 0.7819487452507019 34
1762003583267 0.7888423204421997 35
1762003584824 0.7537310123443604 36
1762003586236 0.7486584782600403 37
1762003587731 0.7225335240364075 38
1762003590345 0.7015163898468018 39
1762003591998 0.6921009421348572 40
1762003594229 0.6791208386421204 41
1762003596105 0.6566973328590393 42
1762003597380 0.6588001251220703 43
1762003598629 0.6574393510818481 44
1762003600095 0.6207242012023926 45
1762003602699 0.6352149248123169 46
1762003604028 0.6517153382301331 47
1762003605864 0.651886522769928 48
1762003607572 0.6354777812957764 49
1762003610013 0.5998197197914124 50
1762003611581 0.5866270661354065 51
1762003613209 0.5732620358467102 52
1762003614775 0.5652123689651489 53
1762003616055 0.5587095022201538 54
1762003617479 0.5624210834503174 55
1762003620240 0.5453049540519714 56
1762003622896 0.53484046459198 57
1762003625698 0.5316912531852722 58
1762003627436 0.5301893949508667 59
1762003629054 0.5359864234924316 60
1762003630990 0.5314239263534546 61
1762003632469 0.5371971726417542 62
1762003637718 0.5225093364715576 63
1762003644591 0.4974699914455414 64
1762003647101 0.5149391889572144 65
1762003650444 0.4870941936969757 66
1762003653485 0.49418750405311584 67
1762003655173 0.4769144654273987 68
1762003657755 0.4714042842388153 69
1762003662232 0.45835113525390625 70
1762003663835 0.4627205431461334 71
1762003666293 0.4452224373817444 72
1762003667920 0.46230998635292053 73
1762003669217 0.4401746392250061 74
1762003671736 0.4472556710243225 75
1762003673318 0.4523370563983917 76
1762003675291 0.44749170541763306 77
1762003678658 0.4467794597148895 78
1762003680644 0.429085910320282 79
1762003682340 0.42422398924827576 80
1762003686376 0.4225580394268036 81
1762003690275 0.43543845415115356 82
1762003692259 0.41147783398628235 83
1762003694814 0.42616191506385803 84
1762003697518 0.4054243862628937 85
1762003699157 0.4148976802825928 86
1762003700880 0.40334823727607727 87
1762003702693 0.425331711769104 88
1762003704119 0.41109180450439453 89
1762003705731 0.40125778317451477 90
1762003707128 0.4108792245388031 91
1762003709622 0.41832491755485535 92
1762003711234 0.4029167890548706 93
1762003712928 0.40906059741973877 94
1762003714503 0.39114367961883545 95
1762003717010 0.3934091627597809 96
1762003719110 0.40713968873023987 97
1762003720535 0.3837835192680359 98
1762003723614 0.4048248827457428 99
1762003497879 2.097438335418701 0
