1762003497879 0.03486150875687599 0
1762003508058 0.04305177181959152 1
1762003509522 0.054224465042352676 2
1762003510993 0.0670640841126442 3
1762003512290 0.06970954686403275 4
1762003514893 0.08587786555290222 5
1762003516319 0.09493670612573624 6
1762003517756 0.11294416338205338 7
1762003519046 0.12201591581106186 8
1762003520253 0.13441655039787292 9
1762003521696 0.1377151757478714 10
1762003523018 0.15357765555381775 11
1762003524453 0.17293232679367065 12
1762003526827 0.16360294818878174 13
1762003528038 0.17153996229171753 14
1762003529281 0.17669902741909027 15
1762003530617 0.1725490242242813 16
1762003531973 0.18271119892597198 17
1762003533258 0.21396397054195404 18
1762003534543 0.21678321063518524 19
1762003535947 0.21149425208568573 20
1762003537744 0.23650385439395905 21
1762003542178 0.2348484843969345 22
1762003545309 0.2549019753932953 23
1762003551691 0.2568306028842926 24
1762003555994 0.25340598821640015 25
1762003560945 0.24331550300121307 26
1762003566918 0.269565224647522 27
1762003570522 0.29936304688453674 28
1762003572016 0.2647058963775635 29
1762003573796 0.2892307639122009 30
1762003575093 0.2852760851383209 31
1762003577649 0.3006536066532135 32
1762003579969 0.29967427253723145 33
1762003581929 0.2916666567325592 34
1762003583267 0.27987420558929443 35
1762003584824 0.28930819034576416 36
1762003586236 0.29617834091186523 37
1762003587731 0.3274647891521454 38
1762003590345 0.31313130259513855 39
1762003591998 0.3563218414783478 40
1762003594229 0.3604651093482971 41
1762003596105 0.3563218414783478 42
1762003597380 0.3507462739944458 43
1762003598629 0.33451956510543823 44
1762003600095 0.3861788511276245 45
1762003602699 0.36800000071525574 46
1762003604028 0.3239436745643616 47
1762003605864 0.32404181361198425 48
1762003607572 0.31081080436706543 49
1762003610013 0.3393501937389374 50
1762003611581 0.37599998712539673 51
1762003613209 0.37959182262420654 52
1762003614775 0.3709677457809448 53
1762003616055 0.40434783697128296 54
1762003617479 0.4144144058227539 55
1762003620240 0.35877862572669983 56
1762003622896 0.3958333432674408 57
1762003625698 0.42790699005126953 58
1762003627436 0.4035087823867798 59
1762003629054 0.3965517282485962 60
1762003630990 0.38211381435394287 61
1762003632469 0.41363635659217834 62
1762003637718 0.369047611951828 63
1762003644591 0.3949579894542694 64
1762003647101 0.38655462861061096 65
1762003650444 0.4234234094619751 66
1762003653485 0.39316239953041077 67
1762003655173 0.4094827473163605 68
1762003657755 0.4650000035762787 69
1762003662232 0.4726368188858032 70
1762003663835 0.4845360815525055 71
1762003666293 0.47979798913002014 72
1762003667920 0.45192307233810425 73
1762003669217 0.4773869216442108 74
1762003671736 0.5136612057685852 75
1762003673318 0.4151785671710968 76
1762003675291 0.48704662919044495 77
1762003678658 0.4444444477558136 78
1762003680644 0.47236180305480957 79
1762003682340 0.5081080794334412 80
1762003686376 0.46305418014526367 81
1762003690275 0.5139665007591248 82
1762003692259 0.5497075915336609 83
1762003694814 0.5109890103340149 84
1762003697518 0.4871794879436493 85
1762003699157 0.5251396894454956 86
1762003700880 0.5107526779174805 87
1762003702693 0.49189189076423645 88
1762003704119 0.4771573543548584 89
1762003705731 0.5222222208976746 90
1762003707128 0.540229856967926 91
1762003709622 0.4845360815525055 92
1762003711234 0.5053763389587402 93
1762003712928 0.49732619524002075 94
1762003714503 0.4922279715538025 95
1762003717010 0.5107526779174805 96
1762003719110 0.49732619524002075 97
1762003720535 0.5219780206680298 98
1762003723614 0.5081967115402222 99
1762003497879 0.03486150875687599 0
