1762003497879 0.7684210538864136 0
1762003508058 0.8315789699554443 1
1762003509522 0.9052631855010986 2
1762003510993 0.9473684430122375 3
1762003512290 0.8842105269432068 4
1762003514893 0.9473684430122375 5
1762003516319 0.9473684430122375 6
1762003517756 0.9368420839309692 7
1762003519046 0.9684210419654846 8
1762003520253 0.9578947424888611 9
1762003521696 0.9263157844543457 10
1762003523018 0.9263157844543457 11
1762003524453 0.9684210419654846 12
1762003526827 0.9368420839309692 13
1762003528038 0.9263157844543457 14
1762003529281 0.9578947424888611 15
1762003530617 0.9263157844543457 16
1762003531973 0.9789473414421082 17
1762003533258 1.0 18
1762003534543 0.9789473414421082 19
1762003535947 0.9684210419654846 20
1762003537744 0.9684210419654846 21
1762003542178 0.9789473414421082 22
1762003545309 0.9578947424888611 23
1762003551691 0.9894737005233765 24
1762003555994 0.9789473414421082 25
1762003560945 0.9578947424888611 26
1762003566918 0.9789473414421082 27
1762003570522 0.9894737005233765 28
1762003572016 0.9473684430122375 29
1762003573796 0.9894737005233765 30
1762003575093 0.9789473414421082 31
1762003577649 0.9684210419654846 32
1762003579969 0.9684210419654846 33
1762003581929 0.9578947424888611 34
1762003583267 0.9368420839309692 35
1762003584824 0.9684210419654846 36
1762003586236 0.9789473414421082 37
1762003587731 0.9789473414421082 38
1762003590345 0.9789473414421082 39
1762003591998 0.9789473414421082 40
1762003594229 0.9789473414421082 41
1762003596105 0.9789473414421082 42
1762003597380 0.9894737005233765 43
1762003598629 0.9894737005233765 44
1762003600095 1.0 45
1762003602699 0.9684210419654846 46
1762003604028 0.9684210419654846 47
1762003605864 0.9789473414421082 48
1762003607572 0.9684210419654846 49
1762003610013 0.9894737005233765 50
1762003611581 0.9894737005233765 51
1762003613209 0.9789473414421082 52
1762003614775 0.9684210419654846 53
1762003616055 0.9789473414421082 54
1762003617479 0.9684210419654846 55
1762003620240 0.9894737005233765 56
1762003622896 1.0 57
1762003625698 0.9684210419654846 58
1762003627436 0.9684210419654846 59
1762003629054 0.9684210419654846 60
1762003630990 0.9894737005233765 61
1762003632469 0.9578947424888611 62
1762003637718 0.9789473414421082 63
1762003644591 0.9894737005233765 64
1762003647101 0.9684210419654846 65
1762003650444 0.9894737005233765 66
1762003653485 0.9684210419654846 67
1762003655173 1.0 68
1762003657755 0.9789473414421082 69
1762003662232 1.0 70
1762003663835 0.9894737005233765 71
1762003666293 1.0 72
1762003667920 0.9894737005233765 73
1762003669217 1.0 74
1762003671736 0.9894737005233765 75
1762003673318 0.9789473414421082 76
1762003675291 0.9894737005233765 77
1762003678658 0.9684210419654846 78
1762003680644 0.9894737005233765 79
1762003682340 0.9894737005233765 80
1762003686376 0.9894737005233765 81
1762003690275 0.9684210419654846 82
1762003692259 0.9894737005233765 83
1762003694814 0.9789473414421082 84
1762003697518 1.0 85
1762003699157 0.9894737005233765 86
1762003700880 1.0 87
1762003702693 0.9578947424888611 88
1762003704119 0.9894737005233765 89
1762003705731 0.9894737005233765 90
1762003707128 0.9894737005233765 91
1762003709622 0.9894737005233765 92
1762003711234 0.9894737005233765 93
1762003712928 0.9789473414421082 94
1762003714503 1.0 95
1762003717010 1.0 96
1762003719110 0.9789473414421082 97
1762003720535 1.0 98
1762003723614 0.9789473414421082 99
1762003497879 0.7684210538864136 0
