1761422964840 0.0010000000474974513 0
1761422965621 0.0010000000474974513 1
1761422966643 0.0010000000474974513 2
1761422967406 0.0010000000474974513 3
1761422968304 0.0010000000474974513 4
1761422970796 0.0010000000474974513 5
1761422971846 0.0010000000474974513 6
1761422972591 0.0005000000237487257 7
1761422973377 0.0005000000237487257 8
1761422974089 0.0005000000237487257 9
1761422974839 0.0005000000237487257 10
1761422975554 0.0005000000237487257 11
1761422964840 0.0010000000474974513 0
1761422998395 0.0010000000474974513 12
