1761422964840 0.6182681918144226 0
1761422965621 0.46516406536102295 1
1761422966643 0.38704976439476013 2
1761422967406 0.32753369212150574 3
1761422968304 0.2975997030735016 4
1761422970796 0.31214508414268494 5
1761422971846 0.2733229994773865 6
1761422972591 0.24997518956661224 7
1761422973377 0.23550738394260406 8
1761422974089 0.20742379128932953 9
1761422974839 0.21113015711307526 10
1761422975554 0.20899850130081177 11
1761422964840 0.6182681918144226 0
1761422998395 0.46516406536102295 12
