1761991291365 0.6467581987380981 0
1761991292516 0.7880579233169556 1
1761991293772 0.8492558002471924 2
1761991294895 0.875135600566864 3
1761991296012 0.8863054513931274 4
1761991297173 0.9230911731719971 5
1761991298228 0.9413539171218872 6
1761991299470 0.9391070604324341 7
1761991300678 0.9490681290626526 8
1761991301727 0.9579785466194153 9
1761991302777 0.9642075896263123 10
1761991303926 0.9561946988105774 11
1761991305274 0.9686728119850159 12
1761991306393 0.9595022201538086 13
1761991291365 0.6467581987380981 0
1761991346616 0.875135600566864 14
