1761991291365 0.0010000000474974513 0
1761991292516 0.0010000000474974513 1
1761991293772 0.0010000000474974513 2
1761991294895 0.0010000000474974513 3
1761991296012 0.0010000000474974513 4
1761991297173 0.0010000000474974513 5
1761991298228 0.0010000000474974513 6
1761991299470 0.0010000000474974513 7
1761991300678 0.0010000000474974513 8
1761991301727 0.0005000000237487257 9
1761991302777 0.0005000000237487257 10
1761991303926 0.0005000000237487257 11
1761991305274 0.0005000000237487257 12
1761991306393 0.0005000000237487257 13
1761991291365 0.0010000000474974513 0
1761991346616 0.0010000000474974513 14
