1761991291365 0.8784080147743225 0
1761991292516 0.7131130695343018 1
1761991293772 0.624634861946106 2
1761991294895 0.5821333527565002 3
1761991296012 0.5613226890563965 4
1761991297173 0.4939539134502411 5
1761991298228 0.4571685492992401 6
1761991299470 0.44797465205192566 7
1761991300678 0.42233026027679443 8
1761991301727 0.3969666659832001 9
1761991302777 0.3779046833515167 10
1761991303926 0.3933427631855011 11
1761991305274 0.3575925827026367 12
1761991306393 0.37936174869537354 13
1761991291365 0.8784080147743225 0
1761991346616 0.5821333527565002 14
