1761991291365 0.031609196215867996 0
1761991292516 0.04277206212282181 1
1761991293772 0.051407590508461 2
1761991294895 0.06167401000857353 3
1761991296012 0.06692606955766678 4
1761991297173 0.08044901490211487 5
1761991298228 0.09229209274053574 6
1761991299470 0.10356731712818146 7
1761991300678 0.11180124431848526 8
1761991301727 0.1213720291852951 9
1761991302777 0.128671333193779 10
1761991303926 0.13333334028720856 11
1761991305274 0.13596491515636444 12
1761991306393 0.13931888341903687 13
1761991291365 0.031609196215867996 0
1761991346616 0.06167401000857353 14
