1761419576234 0.5274102091789246 0
1761419577284 0.6050330996513367 1
1761419578151 0.6971880793571472 2
1761419579753 0.7731568813323975 3
1761419580884 0.8218336701393127 4
1761419582183 0.8213610649108887 5
1761419582923 0.865193784236908 6
1761419583655 0.8878780603408813 7
1761419584401 0.8963847160339355 8
1761419585770 0.9116256833076477 9
1761419586582 0.9131616353988647 10
1761419587332 0.9032372236251831 11
1761419588683 0.9253308176994324 12
1761419589417 0.9229678511619568 13
1761419590315 0.9278119206428528 14
1761419591084 0.9359641075134277 15
1761419591914 0.9442344307899475 16
1761419592647 0.9510869383811951 17
1761419593496 0.95652174949646 18
1761419594314 0.9594753980636597 19
1761419595187 0.9555765390396118 20
1761419595899 0.9617202281951904 21
1761419596630 0.9599480032920837 22
1761419597363 0.9666824340820312 23
1761419598811 0.962547242641449 24
1761419600096 0.9675094485282898 25
1761419600813 0.9684546589851379 26
1761419601545 0.9645557403564453 27
1761419602412 0.9660916924476624 28
1761419603163 0.9712901711463928 29
1761419603951 0.9613657593727112 30
1761419605328 0.9671549797058105 31
1761419606166 0.9708175659179688 32
1761419607528 0.9714083075523376 33
1761419576234 0.5274102091789246 0
1761419706440 0.9666824340820312 34
