1761419576234 0.0010000000474974513 0
1761419577284 0.0010000000474974513 1
1761419578151 0.0010000000474974513 2
1761419579753 0.0010000000474974513 3
1761419580884 0.0010000000474974513 4
1761419582183 0.0010000000474974513 5
1761419582923 0.0010000000474974513 6
1761419583655 0.0010000000474974513 7
1761419584401 0.0010000000474974513 8
1761419585770 0.0010000000474974513 9
1761419586582 0.0010000000474974513 10
1761419587332 0.0010000000474974513 11
1761419588683 0.0010000000474974513 12
1761419589417 0.0010000000474974513 13
1761419590315 0.0010000000474974513 14
1761419591084 0.0005000000237487257 15
1761419591914 0.0005000000237487257 16
1761419592647 0.0005000000237487257 17
1761419593496 0.0005000000237487257 18
1761419594314 0.0005000000237487257 19
1761419595187 0.0005000000237487257 20
1761419595899 0.0005000000237487257 21
1761419596630 0.0005000000237487257 22
1761419597363 0.0005000000237487257 23
1761419598811 0.0005000000237487257 24
1761419600096 0.0005000000237487257 25
1761419600813 0.0005000000237487257 26
1761419601545 0.0005000000237487257 27
1761419602412 0.0005000000237487257 28
1761419603163 0.0002500000118743628 29
1761419603951 0.0002500000118743628 30
1761419605328 0.0002500000118743628 31
1761419606166 0.0002500000118743628 32
1761419607528 0.0002500000118743628 33
1761419576234 0.0010000000474974513 0
1761419706440 0.0005000000237487257 34
