1761419576234 0.7632768154144287 0
1761419577284 0.5292935371398926 1
1761419578151 0.4372515082359314 2
1761419579753 0.35837578773498535 3
1761419580884 0.36729201674461365 4
1761419582183 0.3132644295692444 5
1761419582923 0.24652737379074097 6
1761419583655 0.21598882973194122 7
1761419584401 0.19944261014461517 8
1761419585770 0.17419281601905823 9
1761419586582 0.1961984485387802 10
1761419587332 0.19802764058113098 11
1761419588683 0.15584082901477814 12
1761419589417 0.15270665287971497 13
1761419590315 0.16432885825634003 14
1761419591084 0.1309320479631424 15
1761419591914 0.10200988501310349 16
1761419592647 0.09370213001966476 17
1761419593496 0.09953773766756058 18
1761419594314 0.08733824640512466 19
1761419595187 0.09257466346025467 20
1761419595899 0.08830304443836212 21
1761419596630 0.08491787314414978 22
1761419597363 0.07056841999292374 23
1761419598811 0.0844254195690155 24
1761419600096 0.06247315928339958 25
1761419600813 0.07490166276693344 26
1761419601545 0.07192691415548325 27
1761419602412 0.06851144134998322 28
1761419603163 0.07123909890651703 29
1761419603951 0.07077880948781967 30
1761419605328 0.07677656412124634 31
1761419606166 0.06724167615175247 32
1761419607528 0.05199557542800903 33
1761419576234 0.7632768154144287 0
1761419706440 0.07056841999292374 34
