1761563901094 0.9814035892486572 0
1761563904751 0.9784421324729919 1
1761563906471 0.9761965870857239 2
1761563909545 0.9867974519729614 3
1761563913064 0.9860678911209106 4
1761563914553 0.9868621230125427 5
1761563915663 0.9821442365646362 6
1761563916759 0.9887020587921143 7
1761563918052 0.9873836636543274 8
1761563919075 0.9875045418739319 9
1761563920104 0.9914903044700623 10
1761563921140 0.9894986152648926 11
1761563922655 0.9898335933685303 12
1761563901094 0.9814035892486572 0
1761563959315 0.9761965870857239 13
