1761563901094 0.0002500000118743628 0
1761563904751 0.0002500000118743628 1
1761563906471 0.0002500000118743628 2
1761563909545 0.0002500000118743628 3
1761563913064 0.0002500000118743628 4
1761563914553 0.0002500000118743628 5
1761563915663 0.0002500000118743628 6
1761563916759 0.0002500000118743628 7
1761563918052 0.0001250000059371814 8
1761563919075 0.0001250000059371814 9
1761563920104 0.0001250000059371814 10
1761563921140 0.0001250000059371814 11
1761563922655 0.0001250000059371814 12
1761563901094 0.0002500000118743628 0
1761563959315 0.0002500000118743628 13
