1761563901094 0.20478875935077667 0
1761563904751 0.21196728944778442 1
1761563906471 0.2131665050983429 2
1761563909545 0.18133966624736786 3
1761563913064 0.17561742663383484 4
1761563914553 0.1712954193353653 5
1761563915663 0.18528567254543304 6
1761563916759 0.15866580605506897 7
1761563918052 0.15819671750068665 8
1761563919075 0.15801316499710083 9
1761563920104 0.141272634267807 10
1761563921140 0.1494450718164444 11
1761563922655 0.145671084523201 12
1761563901094 0.20478875935077667 0
1761563959315 0.2131665050983429 13
