1761563901094 0.1675485074520111 0
1761563904751 0.1646234691143036 1
1761563906471 0.16576576232910156 2
1761563909545 0.18590998649597168 3
1761563913064 0.19583334028720856 4
1761563914553 0.1946721374988556 5
1761563915663 0.19368420541286469 6
1761563916759 0.20309050381183624 7
1761563918052 0.23058252036571503 8
1761563919075 0.2137930989265442 9
1761563920104 0.22405660152435303 10
1761563921140 0.2344139665365219 11
1761563922655 0.2369077354669571 12
1761563901094 0.1675485074520111 0
1761563959315 0.16576576232910156 13
