1761563901094 0.9895833134651184 0
1761563904751 0.9791666865348816 1
1761563906471 0.9583333134651184 2
1761563909545 0.9895833134651184 3
1761563913064 0.9791666865348816 4
1761563914553 0.9895833134651184 5
1761563915663 0.9583333134651184 6
1761563916759 0.9583333134651184 7
1761563918052 0.9895833134651184 8
1761563919075 0.96875 9
1761563920104 0.9895833134651184 10
1761563921140 0.9791666865348816 11
1761563922655 0.9895833134651184 12
1761563901094 0.9895833134651184 0
1761563959315 0.9583333134651184 13
