1761993205307 0.5998682975769043 0
1761993206495 0.7927645444869995 1
1761993207611 0.8054107427597046 2
1761993208712 0.8546720743179321 3
1761993209907 0.8853506445884705 4
1761993211027 0.9109243154525757 5
1761993212173 0.8933038711547852 6
1761993213370 0.8991855978965759 7
1761993214490 0.9289767146110535 8
1761993215609 0.9235094785690308 9
1761993216838 0.9294098615646362 10
1761993217936 0.9219334721565247 11
1761993219052 0.9334331750869751 12
1761993220402 0.9237049221992493 13
1761993221502 0.9251551032066345 14
1761993222620 0.9298343062400818 15
1761993223819 0.9516909718513489 16
1761993224935 0.942280113697052 17
1761993226068 0.9263824224472046 18
1761993227117 0.9251613020896912 19
1761993228317 0.9268567562103271 20
1761993229433 0.9510809779167175 21
1761993230754 0.9477648138999939 22
1761993231783 0.934036910533905 23
1761993232966 0.9267733097076416 24
1761993234031 0.935175895690918 25
1761993235215 0.9338028430938721 26
1761993236282 0.9592010378837585 27
1761993237398 0.9377128481864929 28
1761993238464 0.9297359585762024 29
1761993239630 0.9496344923973083 30
1761993240697 0.9521565437316895 31
1761993241914 0.9524440169334412 32
1761993243114 0.9425066709518433 33
1761993244163 0.9424145221710205 34
1761993245338 0.9435311555862427 35
1761993246396 0.9510287046432495 36
1761993247546 0.9442108273506165 37
1761993249212 0.9498336911201477 38
1761993251861 0.9664283394813538 39
1761993254261 0.95699143409729 40
1761993255830 0.970137894153595 41
1761993258261 0.9687961339950562 42
1761993259676 0.9642138481140137 43
1761993261326 0.9715481996536255 44
1761993262825 0.9624811410903931 45
1761993264225 0.9574308395385742 46
1761993265525 0.9644156098365784 47
1761993267975 0.9751545786857605 48
1761993269107 0.9682470560073853 49
1761993270423 0.9682096838951111 50
1761993271507 0.954398512840271 51
1761993272723 0.9643495082855225 52
1761993273798 0.9660212993621826 53
1761993276323 0.9703943729400635 54
1761993277391 0.979171633720398 55
1761993278472 0.9737055897712708 56
1761993279638 0.9810835719108582 57
1761993281004 0.9757657647132874 58
1761993282086 0.9780488610267639 59
1761993283437 0.9792662858963013 60
1761993284577 0.9780899286270142 61
1761993286436 0.9806243181228638 62
1761993287486 0.9876588582992554 63
1761993288851 0.9839841723442078 64
1761993289972 0.9838895201683044 65
1761993291219 0.9815293550491333 66
1761993292680 0.9834066033363342 67
1761993293802 0.986706554889679 68
1761993294980 0.9832870364189148 69
1761993296034 0.986534833908081 70
1761993297185 0.9871559739112854 71
1761993298600 0.9889522790908813 72
1761993299734 0.9781720638275146 73
1761993300901 0.9863107204437256 74
1761993302166 0.9845754504203796 75
1761993303256 0.9856111407279968 76
1761993304616 0.9807749390602112 77
1761993305682 0.9799696803092957 78
1761993306765 0.9881741404533386 79
1761993307950 0.9882676005363464 80
1761993309131 0.9859707951545715 81
1761993310281 0.9893567562103271 82
1761993205307 0.5998682975769043 0
1761993351504 0.9889522790908813 83
