1761993205307 0.0010000000474974513 0
1761993206495 0.0010000000474974513 1
1761993207611 0.0010000000474974513 2
1761993208712 0.0010000000474974513 3
1761993209907 0.0010000000474974513 4
1761993211027 0.0010000000474974513 5
1761993212173 0.0010000000474974513 6
1761993213370 0.0010000000474974513 7
1761993214490 0.0010000000474974513 8
1761993215609 0.0010000000474974513 9
1761993216838 0.0010000000474974513 10
1761993217936 0.0010000000474974513 11
1761993219052 0.0010000000474974513 12
1761993220402 0.0010000000474974513 13
1761993221502 0.0010000000474974513 14
1761993222620 0.0010000000474974513 15
1761993223819 0.0010000000474974513 16
1761993224935 0.0010000000474974513 17
1761993226068 0.0010000000474974513 18
1761993227117 0.0010000000474974513 19
1761993228317 0.0010000000474974513 20
1761993229433 0.0010000000474974513 21
1761993230754 0.0010000000474974513 22
1761993231783 0.0010000000474974513 23
1761993232966 0.0010000000474974513 24
1761993234031 0.0010000000474974513 25
1761993235215 0.0010000000474974513 26
1761993236282 0.0010000000474974513 27
1761993237398 0.0010000000474974513 28
1761993238464 0.0010000000474974513 29
1761993239630 0.0010000000474974513 30
1761993240697 0.0010000000474974513 31
1761993241914 0.0010000000474974513 32
1761993243114 0.0010000000474974513 33
1761993244163 0.0010000000474974513 34
1761993245338 0.0010000000474974513 35
1761993246396 0.0010000000474974513 36
1761993247546 0.0010000000474974513 37
1761993249212 0.0005000000237487257 38
1761993251861 0.0005000000237487257 39
1761993254261 0.0005000000237487257 40
1761993255830 0.0005000000237487257 41
1761993258261 0.0005000000237487257 42
1761993259676 0.0005000000237487257 43
1761993261326 0.0005000000237487257 44
1761993262825 0.0005000000237487257 45
1761993264225 0.0005000000237487257 46
1761993265525 0.0005000000237487257 47
1761993267975 0.0005000000237487257 48
1761993269107 0.0005000000237487257 49
1761993270423 0.0005000000237487257 50
1761993271507 0.0005000000237487257 51
1761993272723 0.0005000000237487257 52
1761993273798 0.0005000000237487257 53
1761993276323 0.0005000000237487257 54
1761993277391 0.0002500000118743628 55
1761993278472 0.0002500000118743628 56
1761993279638 0.0002500000118743628 57
1761993281004 0.0002500000118743628 58
1761993282086 0.0002500000118743628 59
1761993283437 0.0002500000118743628 60
1761993284577 0.0002500000118743628 61
1761993286436 0.0002500000118743628 62
1761993287486 0.0001250000059371814 63
1761993288851 0.0001250000059371814 64
1761993289972 0.0001250000059371814 65
1761993291219 0.0001250000059371814 66
1761993292680 0.0001250000059371814 67
1761993293802 0.0001250000059371814 68
1761993294980 0.0001250000059371814 69
1761993296034 0.0001250000059371814 70
1761993297185 0.0001250000059371814 71
1761993298600 0.0001250000059371814 72
1761993299734 0.0001250000059371814 73
1761993300901 0.0001250000059371814 74
1761993302166 0.0001250000059371814 75
1761993303256 0.0001250000059371814 76
1761993304616 0.0001250000059371814 77
1761993305682 6.25000029685907e-05 78
1761993306765 6.25000029685907e-05 79
1761993307950 6.25000029685907e-05 80
1761993309131 6.25000029685907e-05 81
1761993310281 6.25000029685907e-05 82
1761993205307 0.0010000000474974513 0
1761993351504 0.0001250000059371814 83
