1761993205307 11.909099578857422 0
1761993206495 10.104411125183105 1
1761993207611 8.60743236541748 2
1761993208712 7.208675861358643 3
1761993209907 6.024308681488037 4
1761993211027 4.965537071228027 5
1761993212173 4.13894510269165 6
1761993213370 3.533703565597534 7
1761993214490 2.99379301071167 8
1761993215609 2.5224380493164062 9
1761993216838 2.2385478019714355 10
1761993217936 2.05893874168396 11
1761993219052 1.9454355239868164 12
1761993220402 1.8497060537338257 13
1761993221502 1.7284455299377441 14
1761993222620 1.6031124591827393 15
1761993223819 1.3387421369552612 16
1761993224935 1.2850468158721924 17
1761993226068 1.4599674940109253 18
1761993227117 1.462319254875183 19
1761993228317 1.373468041419983 20
1761993229433 1.1860095262527466 21
1761993230754 1.129573941230774 22
1761993231783 1.217750906944275 23
1761993232966 1.2344096899032593 24
1761993234031 1.1982319355010986 25
1761993235215 1.154366135597229 26
1761993236282 0.9820660352706909 27
1761993237398 0.9747074842453003 28
1761993238464 1.189971923828125 29
1761993239630 1.0399048328399658 30
1761993240697 1.0158445835113525 31
1761993241914 1.0369890928268433 32
1761993243114 0.9838268160820007 33
1761993244163 1.0436514616012573 34
1761993245338 0.9918788075447083 35
1761993246396 0.9456453919410706 36
1761993247546 0.8908756971359253 37
1761993249212 0.9068394899368286 38
1761993251861 0.7737112045288086 39
1761993254261 0.7650208473205566 40
1761993255830 0.6832374930381775 41
1761993258261 0.6296508312225342 42
1761993259676 0.6310860514640808 43
1761993261326 0.6253990530967712 44
1761993262825 0.6646918654441833 45
1761993264225 0.6994831562042236 46
1761993265525 0.6907078623771667 47
1761993267975 0.6026611924171448 48
1761993269107 0.6052860021591187 49
1761993270423 0.6286656856536865 50
1761993271507 0.6956853866577148 51
1761993272723 0.6968167424201965 52
1761993273798 0.6605516076087952 53
1761993276323 0.6058829426765442 54
1761993277391 0.5697546005249023 55
1761993278472 0.5490527153015137 56
1761993279638 0.5035666823387146 57
1761993281004 0.5079397559165955 58
1761993282086 0.48106667399406433 59
1761993283437 0.4771287441253662 60
1761993284577 0.47337180376052856 61
1761993286436 0.44968774914741516 62
1761993287486 0.4035551846027374 63
1761993288851 0.40668538212776184 64
1761993289972 0.4029368758201599 65
1761993291219 0.41100385785102844 66
1761993292680 0.38986387848854065 67
1761993293802 0.37130844593048096 68
1761993294980 0.38376548886299133 69
1761993296034 0.36656489968299866 70
1761993297185 0.3566100597381592 71
1761993298600 0.33786144852638245 72
1761993299734 0.39477649331092834 73
1761993300901 0.3574337065219879 74
1761993302166 0.3637596070766449 75
1761993303256 0.35170647501945496 76
1761993304616 0.3785921037197113 77
1761993305682 0.3883351683616638 78
1761993306765 0.34250977635383606 79
1761993307950 0.33839914202690125 80
1761993309131 0.3431817591190338 81
1761993310281 0.32215601205825806 82
1761993205307 11.909099578857422 0
1761993351504 0.33786144852638245 83
