1761993205307 0.030346136540174484 0
1761993206495 0.04273058846592903 1
1761993207611 0.046620044857263565 2
1761993208712 0.059405941516160965 3
1761993209907 0.0625 4
1761993211027 0.07619863003492355 5
1761993212173 0.07773512601852417 6
1761993213370 0.0775269865989685 7
1761993214490 0.08875128626823425 8
1761993215609 0.09325842559337616 9
1761993216838 0.0964125543832779 10
1761993217936 0.10391198098659515 11
1761993219052 0.11082802712917328 12
1761993220402 0.10465116053819656 13
1761993221502 0.10479798167943954 14
1761993222620 0.11387434601783752 15
1761993223819 0.12482663244009018 16
1761993224935 0.12332838028669357 17
1761993226068 0.1139410212635994 18
1761993227117 0.1146666631102562 19
1761993228317 0.11140939593315125 20
1761993229433 0.1344410926103592 21
1761993230754 0.12133891135454178 22
1761993231783 0.11366711556911469 23
1761993232966 0.11022576689720154 24
1761993234031 0.1286982297897339 25
1761993235215 0.11548913270235062 26
1761993236282 0.12747874855995178 27
1761993237398 0.12740740180015564 28
1761993238464 0.12372634559869766 29
1761993239630 0.12446959316730499 30
1761993240697 0.12794117629528046 31
1761993241914 0.1347305327653885 32
1761993243114 0.12990936636924744 33
1761993244163 0.12631578743457794 34
1761993245338 0.1325301229953766 35
1761993246396 0.12742382287979126 36
1761993247546 0.12750716507434845 37
1761993249212 0.13233081996440887 38
1761993251861 0.1452859342098236 39
1761993254261 0.14398734271526337 40
1761993255830 0.15088282525539398 41
1761993258261 0.1631578952074051 42
1761993259676 0.15724381804466248 43
1761993261326 0.15231788158416748 44
1761993262825 0.15306122601032257 45
1761993264225 0.1409395933151245 46
1761993265525 0.15570934116840363 47
1761993267975 0.18023255467414856 48
1761993269107 0.16605165600776672 49
1761993270423 0.16917292773723602 50
1761993271507 0.16314779222011566 51
1761993272723 0.15514333546161652 52
1761993273798 0.15964911878108978 53
1761993276323 0.172607883810997 54
1761993277391 0.1732580065727234 55
1761993278472 0.18007662892341614 56
1761993279638 0.1911468803882599 57
1761993281004 0.180914506316185 58
1761993282086 0.19206680357456207 59
1761993283437 0.20261438190937042 60
1761993284577 0.19246861338615417 61
1761993286436 0.20000000298023224 62
1761993287486 0.22429905831813812 63
1761993288851 0.20085470378398895 64
1761993289972 0.20444443821907043 65
1761993291219 0.22518159449100494 66
1761993292680 0.23383083939552307 67
1761993293802 0.2405063360929489 68
1761993294980 0.23152709007263184 69
1761993296034 0.2341463416814804 70
1761993297185 0.2320987582206726 71
1761993298600 0.23170731961727142 72
1761993299734 0.22113022208213806 73
1761993300901 0.2240963876247406 74
1761993302166 0.22760289907455444 75
1761993303256 0.23880596458911896 76
1761993304616 0.22750000655651093 77
1761993305682 0.21296297013759613 78
1761993306765 0.23284313082695007 79
1761993307950 0.23170731961727142 80
1761993309131 0.24668435752391815 81
1761993310281 0.2480417788028717 82
1761993205307 0.030346136540174484 0
1761993351504 0.23170731961727142 83
