1761993205307 0.6666666865348816 0
1761993206495 0.8541666865348816 1
1761993207611 0.8333333134651184 2
1761993208712 0.875 3
1761993209907 0.875 4
1761993211027 0.9270833134651184 5
1761993212173 0.84375 6
1761993213370 0.8229166865348816 7
1761993214490 0.8958333134651184 8
1761993215609 0.8645833134651184 9
1761993216838 0.8958333134651184 10
1761993217936 0.8854166865348816 11
1761993219052 0.90625 12
1761993220402 0.84375 13
1761993221502 0.8645833134651184 14
1761993222620 0.90625 15
1761993223819 0.9375 16
1761993224935 0.8645833134651184 17
1761993226068 0.8854166865348816 18
1761993227117 0.8958333134651184 19
1761993228317 0.8645833134651184 20
1761993229433 0.9270833134651184 21
1761993230754 0.90625 22
1761993231783 0.875 23
1761993232966 0.8645833134651184 24
1761993234031 0.90625 25
1761993235215 0.8854166865348816 26
1761993236282 0.9375 27
1761993237398 0.8958333134651184 28
1761993238464 0.8854166865348816 29
1761993239630 0.9166666865348816 30
1761993240697 0.90625 31
1761993241914 0.9375 32
1761993243114 0.8958333134651184 33
1761993244163 0.875 34
1761993245338 0.9166666865348816 35
1761993246396 0.9583333134651184 36
1761993247546 0.9270833134651184 37
1761993249212 0.9166666865348816 38
1761993251861 0.9791666865348816 39
1761993254261 0.9479166865348816 40
1761993255830 0.9791666865348816 41
1761993258261 0.96875 42
1761993259676 0.9270833134651184 43
1761993261326 0.9583333134651184 44
1761993262825 0.9375 45
1761993264225 0.875 46
1761993265525 0.9375 47
1761993267975 0.96875 48
1761993269107 0.9375 49
1761993270423 0.9375 50
1761993271507 0.8854166865348816 51
1761993272723 0.9583333134651184 52
1761993273798 0.9479166865348816 53
1761993276323 0.9583333134651184 54
1761993277391 0.9583333134651184 55
1761993278472 0.9791666865348816 56
1761993279638 0.9895833134651184 57
1761993281004 0.9479166865348816 58
1761993282086 0.9583333134651184 59
1761993283437 0.96875 60
1761993284577 0.9583333134651184 61
1761993286436 0.96875 62
1761993287486 1.0 63
1761993288851 0.9791666865348816 64
1761993289972 0.9583333134651184 65
1761993291219 0.96875 66
1761993292680 0.9791666865348816 67
1761993293802 0.9895833134651184 68
1761993294980 0.9791666865348816 69
1761993296034 1.0 70
1761993297185 0.9791666865348816 71
1761993298600 0.9895833134651184 72
1761993299734 0.9375 73
1761993300901 0.96875 74
1761993302166 0.9791666865348816 75
1761993303256 1.0 76
1761993304616 0.9479166865348816 77
1761993305682 0.9583333134651184 78
1761993306765 0.9895833134651184 79
1761993307950 0.9895833134651184 80
1761993309131 0.96875 81
1761993310281 0.9895833134651184 82
1761993205307 0.6666666865348816 0
1761993351504 0.9895833134651184 83
