1761995856819 0.5932570695877075 0
1761995857956 0.7569797039031982 1
1761995859294 0.814875066280365 2
1761995860538 0.8571990728378296 3
1761995861671 0.873026967048645 4
1761995862749 0.8833490014076233 5
1761995863968 0.9298767447471619 6
1761995865083 0.909850001335144 7
1761995866152 0.9396049976348877 8
1761995867317 0.9472132921218872 9
1761995868433 0.96291184425354 10
1761995869633 0.9552996754646301 11
1761995870733 0.9542428255081177 12
1761995871800 0.9651076197624207 13
1761995873149 0.9706283807754517 14
1761995874266 0.9708612561225891 15
1761995875450 0.9746952652931213 16
1761995876665 0.9716143608093262 17
1761995877715 0.9786661863327026 18
1761995878848 0.9713740944862366 19
1761995879999 0.9827417731285095 20
1761995881349 0.9762948751449585 21
1761995882414 0.981218159198761 22
1761995883730 0.9741873741149902 23
1761995884780 0.9787920117378235 24
1761995885846 0.9799896478652954 25
1761995886913 0.987182080745697 26
1761995888146 0.986203670501709 27
1761995889279 0.9882638454437256 28
1761995890645 0.9810686707496643 29
1761995892011 0.9868422150611877 30
1761995893110 0.9881082773208618 31
1761995894252 0.9861562848091125 32
1761995895649 0.9881418943405151 33
1761995896794 0.9870290160179138 34
1761995898077 0.9878231883049011 35
1761995899260 0.9903189539909363 36
1761995900593 0.9902405738830566 37
1761995901950 0.9914705753326416 38
1761995903149 0.9895322322845459 39
1761995904242 0.9879003167152405 40
1761995905374 0.9899269342422485 41
1761995906509 0.9890518188476562 42
1761995907991 0.9914641380310059 43
1761995909230 0.9941555261611938 44
1761995910358 0.9924638271331787 45
1761995911441 0.9839603900909424 46
1761995912590 0.9918824434280396 47
1761995913675 0.9909998178482056 48
1761995915007 0.9923070073127747 49
1761995916273 0.9925709366798401 50
1761995917489 0.9869642853736877 51
1761995918572 0.9912289977073669 52
1761995919855 0.9925261735916138 53
1761995920989 0.9910896420478821 54
1761995922723 0.9923667311668396 55
1761995924118 0.9930861592292786 56
1761995925187 0.9921787977218628 57
1761995926422 0.9939627051353455 58
1761995927754 0.9955921173095703 59
1761995928921 0.9927613735198975 60
1761995930053 0.9951390624046326 61
1761995931187 0.9922446012496948 62
1761995932510 0.9893618822097778 63
1761995933694 0.9916247129440308 64
1761995934902 0.9912589192390442 65
1761995935987 0.9907596111297607 66
1761995937151 0.9923182725906372 67
1761995938219 0.9944344758987427 68
1761995939301 0.9925547242164612 69
1761995940668 0.9913458824157715 70
1761995941751 0.9947866201400757 71
1761995856819 0.5932570695877075 0
1761995957081 0.9951390624046326 72
