1761995856819 0.0010000000474974513 0
1761995857956 0.0010000000474974513 1
1761995859294 0.0010000000474974513 2
1761995860538 0.0010000000474974513 3
1761995861671 0.0010000000474974513 4
1761995862749 0.0010000000474974513 5
1761995863968 0.0010000000474974513 6
1761995865083 0.0010000000474974513 7
1761995866152 0.0010000000474974513 8
1761995867317 0.0010000000474974513 9
1761995868433 0.0010000000474974513 10
1761995869633 0.0010000000474974513 11
1761995870733 0.0010000000474974513 12
1761995871800 0.0010000000474974513 13
1761995873149 0.0010000000474974513 14
1761995874266 0.0010000000474974513 15
1761995875450 0.0010000000474974513 16
1761995876665 0.0010000000474974513 17
1761995877715 0.0010000000474974513 18
1761995878848 0.0010000000474974513 19
1761995879999 0.0010000000474974513 20
1761995881349 0.0010000000474974513 21
1761995882414 0.0010000000474974513 22
1761995883730 0.0010000000474974513 23
1761995884780 0.0005000000237487257 24
1761995885846 0.0005000000237487257 25
1761995886913 0.0005000000237487257 26
1761995888146 0.0005000000237487257 27
1761995889279 0.0005000000237487257 28
1761995890645 0.0005000000237487257 29
1761995892011 0.0005000000237487257 30
1761995893110 0.0005000000237487257 31
1761995894252 0.0005000000237487257 32
1761995895649 0.0005000000237487257 33
1761995896794 0.0005000000237487257 34
1761995898077 0.0005000000237487257 35
1761995899260 0.0005000000237487257 36
1761995900593 0.0005000000237487257 37
1761995901950 0.0005000000237487257 38
1761995903149 0.0005000000237487257 39
1761995904242 0.0005000000237487257 40
1761995905374 0.0005000000237487257 41
1761995906509 0.0005000000237487257 42
1761995907991 0.0005000000237487257 43
1761995909230 0.0005000000237487257 44
1761995910358 0.0005000000237487257 45
1761995911441 0.0005000000237487257 46
1761995912590 0.0005000000237487257 47
1761995913675 0.0005000000237487257 48
1761995915007 0.0005000000237487257 49
1761995916273 0.0005000000237487257 50
1761995917489 0.0005000000237487257 51
1761995918572 0.0005000000237487257 52
1761995919855 0.0005000000237487257 53
1761995920989 0.0005000000237487257 54
1761995922723 0.0005000000237487257 55
1761995924118 0.0005000000237487257 56
1761995925187 0.0005000000237487257 57
1761995926422 0.0005000000237487257 58
1761995927754 0.0005000000237487257 59
1761995928921 0.0005000000237487257 60
1761995930053 0.0005000000237487257 61
1761995931187 0.0005000000237487257 62
1761995932510 0.0005000000237487257 63
1761995933694 0.0005000000237487257 64
1761995934902 0.0005000000237487257 65
1761995935987 0.0005000000237487257 66
1761995937151 0.0002500000118743628 67
1761995938219 0.0002500000118743628 68
1761995939301 0.0002500000118743628 69
1761995940668 0.0002500000118743628 70
1761995941751 0.0002500000118743628 71
1761995856819 0.0010000000474974513 0
1761995957081 0.0005000000237487257 72
