1761995856819 2.005063056945801 0
1761995857956 1.798765778541565 1
1761995859294 1.6973071098327637 2
1761995860538 1.6279798746109009 3
1761995861671 1.5790377855300903 4
1761995862749 1.5442017316818237 5
1761995863968 1.4458609819412231 6
1761995865083 1.4535789489746094 7
1761995866152 1.372860074043274 8
1761995867317 1.3318699598312378 9
1761995868433 1.2651526927947998 10
1761995869633 1.2561415433883667 11
1761995870733 1.237484097480774 12
1761995871800 1.1793643236160278 13
1761995873149 1.1426670551300049 14
1761995874266 1.1132804155349731 15
1761995875450 1.0762821435928345 16
1761995876665 1.071696400642395 17
1761995877715 1.0203343629837036 18
1761995878848 1.0268604755401611 19
1761995879999 0.962924063205719 20
1761995881349 0.9712563157081604 21
1761995882414 0.9240602254867554 22
1761995883730 0.9446892738342285 23
1761995884780 0.9125194549560547 24
1761995885846 0.8892319798469543 25
1761995886913 0.8472718000411987 26
1761995888146 0.83183354139328 27
1761995889279 0.8151429295539856 28
1761995890645 0.8449417948722839 29
1761995892011 0.8046576380729675 30
1761995893110 0.7812790870666504 31
1761995894252 0.7852903008460999 32
1761995895649 0.7602710127830505 33
1761995896794 0.760097086429596 34
1761995898077 0.7537701725959778 35
1761995899260 0.7187210321426392 36
1761995900593 0.714999258518219 37
1761995901950 0.6911042928695679 38
1761995903149 0.695603609085083 39
1761995904242 0.6925050020217896 40
1761995905374 0.6828023195266724 41
1761995906509 0.6735125184059143 42
1761995907991 0.6538300514221191 43
1761995909230 0.6236715912818909 44
1761995910358 0.6283573508262634 45
1761995911441 0.6779906153678894 46
1761995912590 0.620191216468811 47
1761995913675 0.6231802105903625 48
1761995915007 0.5984530448913574 49
1761995916273 0.5906854867935181 50
1761995917489 0.6257325410842896 51
1761995918572 0.5904271602630615 52
1761995919855 0.5722376108169556 53
1761995920989 0.5823801755905151 54
1761995922723 0.5594556331634521 55
1761995924118 0.5451676845550537 56
1761995925187 0.5480648279190063 57
1761995926422 0.5223466753959656 58
1761995927754 0.5010532140731812 59
1761995928921 0.5296663045883179 60
1761995930053 0.49080929160118103 61
1761995931187 0.517579972743988 62
1761995932510 0.529714047908783 63
1761995933694 0.5020742416381836 64
1761995934902 0.5170416831970215 65
1761995935987 0.5099770426750183 66
1761995937151 0.4978892207145691 67
1761995938219 0.4791128635406494 68
1761995939301 0.4895872175693512 69
1761995940668 0.4882924258708954 70
1761995941751 0.4635136127471924 71
1761995856819 2.005063056945801 0
1761995957081 0.49080929160118103 72
