1761995856819 0.03017444536089897 0
1761995857956 0.03965863585472107 1
1761995859294 0.045400943607091904 2
1761995860538 0.05517711117863655 3
1761995861671 0.06587301939725876 4
1761995862749 0.06506024301052094 5
1761995863968 0.08100809901952744 6
1761995865083 0.08722741156816483 7
1761995866152 0.10056497156620026 8
1761995867317 0.10935601592063904 9
1761995868433 0.12584573030471802 10
1761995869633 0.12949639558792114 11
1761995870733 0.12879884243011475 12
1761995871800 0.1496710479259491 13
1761995873149 0.15641476213932037 14
1761995874266 0.15734265744686127 15
1761995875450 0.19254659116268158 16
1761995876665 0.16791044175624847 17
1761995877715 0.18852458894252777 18
1761995878848 0.17450980842113495 19
1761995879999 0.1934826821088791 20
1761995881349 0.19736842811107635 21
1761995882414 0.21111111342906952 22
1761995883730 0.20554272830486298 23
1761995884780 0.1982942372560501 24
1761995885846 0.20588235557079315 25
1761995886913 0.23039215803146362 26
1761995888146 0.2513088881969452 27
1761995889279 0.24484536051750183 28
1761995890645 0.23057644069194794 29
1761995892011 0.24734042584896088 30
1761995893110 0.25333333015441895 31
1761995894252 0.26801154017448425 32
1761995895649 0.2649572789669037 33
1761995896794 0.26436781883239746 34
1761995898077 0.25925925374031067 35
1761995899260 0.2852852940559387 36
1761995900593 0.2797619104385376 37
1761995901950 0.3137255012989044 38
1761995903149 0.3081967234611511 39
1761995904242 0.2844036817550659 40
1761995905374 0.2732732594013214 41
1761995906509 0.2818181812763214 42
1761995907991 0.29374998807907104 43
1761995909230 0.3356890380382538 44
1761995910358 0.3206896483898163 45
1761995911441 0.2593660056591034 46
1761995912590 0.31456953287124634 47
1761995913675 0.3118644058704376 48
1761995915007 0.3047619163990021 49
1761995916273 0.32752612233161926 50
1761995917489 0.30263158679008484 51
1761995918572 0.30645161867141724 52
1761995919855 0.3394160568714142 53
1761995920989 0.3006536066532135 54
1761995922723 0.3393501937389374 55
1761995924118 0.34558823704719543 56
1761995925187 0.3381294906139374 57
1761995926422 0.3529411852359772 58
1761995927754 0.37354084849357605 59
1761995928921 0.35521236062049866 60
1761995930053 0.3779527544975281 61
1761995931187 0.3654618561267853 62
1761995932510 0.30031949281692505 63
1761995933694 0.32646048069000244 64
1761995934902 0.3382352888584137 65
1761995935987 0.34296029806137085 66
1761995937151 0.3333333432674408 67
1761995938219 0.32534247636795044 68
1761995939301 0.3524904251098633 69
1761995940668 0.36259540915489197 70
1761995941751 0.3682170510292053 71
1761995856819 0.03017444536089897 0
1761995957081 0.3779527544975281 72
