1761995856819 0.6666666865348816 0
1761995857956 0.8229166865348816 1
1761995859294 0.8020833134651184 2
1761995860538 0.84375 3
1761995861671 0.8645833134651184 4
1761995862749 0.84375 5
1761995863968 0.9375 6
1761995865083 0.875 7
1761995866152 0.9270833134651184 8
1761995867317 0.9375 9
1761995868433 0.96875 10
1761995869633 0.9375 11
1761995870733 0.9270833134651184 12
1761995871800 0.9479166865348816 13
1761995873149 0.9270833134651184 14
1761995874266 0.9375 15
1761995875450 0.96875 16
1761995876665 0.9375 17
1761995877715 0.9583333134651184 18
1761995878848 0.9270833134651184 19
1761995879999 0.9895833134651184 20
1761995881349 0.9375 21
1761995882414 0.9895833134651184 22
1761995883730 0.9270833134651184 23
1761995884780 0.96875 24
1761995885846 0.9479166865348816 25
1761995886913 0.9791666865348816 26
1761995888146 1.0 27
1761995889279 0.9895833134651184 28
1761995890645 0.9583333134651184 29
1761995892011 0.96875 30
1761995893110 0.9895833134651184 31
1761995894252 0.96875 32
1761995895649 0.96875 33
1761995896794 0.9583333134651184 34
1761995898077 0.9479166865348816 35
1761995899260 0.9895833134651184 36
1761995900593 0.9791666865348816 37
1761995901950 1.0 38
1761995903149 0.9791666865348816 39
1761995904242 0.96875 40
1761995905374 0.9479166865348816 41
1761995906509 0.96875 42
1761995907991 0.9791666865348816 43
1761995909230 0.9895833134651184 44
1761995910358 0.96875 45
1761995911441 0.9375 46
1761995912590 0.9895833134651184 47
1761995913675 0.9583333134651184 48
1761995915007 1.0 49
1761995916273 0.9791666865348816 50
1761995917489 0.9583333134651184 51
1761995918572 0.9895833134651184 52
1761995919855 0.96875 53
1761995920989 0.9583333134651184 54
1761995922723 0.9791666865348816 55
1761995924118 0.9791666865348816 56
1761995925187 0.9791666865348816 57
1761995926422 1.0 58
1761995927754 1.0 59
1761995928921 0.9583333134651184 60
1761995930053 1.0 61
1761995931187 0.9479166865348816 62
1761995932510 0.9791666865348816 63
1761995933694 0.9895833134651184 64
1761995934902 0.9583333134651184 65
1761995935987 0.9895833134651184 66
1761995937151 0.9791666865348816 67
1761995938219 0.9895833134651184 68
1761995939301 0.9583333134651184 69
1761995940668 0.9895833134651184 70
1761995941751 0.9895833134651184 71
1761995856819 0.6666666865348816 0
1761995957081 1.0 72
