1761568529856 0.6823688745498657 0
1761568531545 0.8211290836334229 1
1761568532676 0.8623102903366089 2
1761568533565 0.9005661606788635 3
1761568534468 0.9282808303833008 4
1761568535340 0.9574819207191467 5
1761568536213 0.9517531991004944 6
1761568537097 0.9562843441963196 7
1761568537962 0.9601183533668518 8
1761568538833 0.9751259088516235 9
1761568539647 0.9808297753334045 10
1761568540497 0.9743890166282654 11
1761568541382 0.9863020181655884 12
1761568542231 0.9879850149154663 13
1761568543290 0.9890804886817932 14
1761568544480 0.9888215065002441 15
1761568545343 0.9878953099250793 16
1761568546149 0.9902555346488953 17
1761568546956 0.9917593002319336 18
1761568547847 0.9921402335166931 19
1761568548625 0.993133544921875 20
1761568549402 0.9899518489837646 21
1761568550179 0.9915352463722229 22
1761568550973 0.9929144978523254 23
1761568551750 0.9934473037719727 24
1761568529856 0.6823688745498657 0
1761568607691 0.9890804886817932 25
