1761568529856 0.0010000000474974513 0
1761568531545 0.0010000000474974513 1
1761568532676 0.0010000000474974513 2
1761568533565 0.0010000000474974513 3
1761568534468 0.0010000000474974513 4
1761568535340 0.0010000000474974513 5
1761568536213 0.0010000000474974513 6
1761568537097 0.0010000000474974513 7
1761568537962 0.0010000000474974513 8
1761568538833 0.0010000000474974513 9
1761568539647 0.0010000000474974513 10
1761568540497 0.0010000000474974513 11
1761568541382 0.0010000000474974513 12
1761568542231 0.0010000000474974513 13
1761568543290 0.0010000000474974513 14
1761568544480 0.0010000000474974513 15
1761568545343 0.0010000000474974513 16
1761568546149 0.0010000000474974513 17
1761568546956 0.0010000000474974513 18
1761568547847 0.0005000000237487257 19
1761568548625 0.0005000000237487257 20
1761568549402 0.0005000000237487257 21
1761568550179 0.0005000000237487257 22
1761568550973 0.0005000000237487257 23
1761568551750 0.0002500000118743628 24
1761568529856 0.0010000000474974513 0
1761568607691 0.0010000000474974513 25
