1761568529856 0.6951479911804199 0
1761568531545 0.5686958432197571 1
1761568532676 0.49985846877098083 2
1761568533565 0.4474810063838959 3
1761568534468 0.39461562037467957 4
1761568535340 0.33343592286109924 5
1761568536213 0.32156747579574585 6
1761568537097 0.3080119788646698 7
1761568537962 0.2859407365322113 8
1761568538833 0.24903440475463867 9
1761568539647 0.2219245433807373 10
1761568540497 0.2282765507698059 11
1761568541382 0.1864306479692459 12
1761568542231 0.17064639925956726 13
1761568543290 0.15197473764419556 14
1761568544480 0.15559659898281097 15
1761568545343 0.15308047831058502 16
1761568546149 0.13882046937942505 17
1761568546956 0.12762007117271423 18
1761568547847 0.12514030933380127 19
1761568548625 0.12110980600118637 20
1761568549402 0.13154226541519165 21
1761568550179 0.12375427782535553 22
1761568550973 0.11493411660194397 23
1761568551750 0.1131635308265686 24
1761568529856 0.6951479911804199 0
1761568607691 0.15197473764419556 25
