1761568529856 0.06724891066551208 0
1761568531545 0.08425275981426239 1
1761568532676 0.09720670431852341 2
1761568533565 0.11953727155923843 3
1761568534468 0.13823530077934265 4
1761568535340 0.1539735049009323 5
1761568536213 0.1760154664516449 6
1761568537097 0.18395303189754486 7
1761568537962 0.21749408543109894 8
1761568538833 0.2243436723947525 9
1761568539647 0.2540540397167206 10
1761568540497 0.2651296854019165 11
1761568541382 0.29906541109085083 12
1761568542231 0.3175675570964813 13
1761568543290 0.3877550959587097 14
1761568544480 0.38367345929145813 15
1761568545343 0.36758893728256226 16
1761568546149 0.3893442749977112 17
1761568546956 0.4318181872367859 18
1761568547847 0.45410627126693726 19
1761568548625 0.4298642575740814 20
1761568549402 0.4140969216823578 21
1761568550179 0.4241071343421936 22
1761568550973 0.4298642575740814 23
1761568551750 0.4433962404727936 24
1761568529856 0.06724891066551208 0
1761568607691 0.3877550959587097 25
