1761568529856 0.8020833134651184 0
1761568531545 0.875 1
1761568532676 0.90625 2
1761568533565 0.96875 3
1761568534468 0.9791666865348816 4
1761568535340 0.96875 5
1761568536213 0.9479166865348816 6
1761568537097 0.9791666865348816 7
1761568537962 0.9583333134651184 8
1761568538833 0.9791666865348816 9
1761568539647 0.9791666865348816 10
1761568540497 0.9583333134651184 11
1761568541382 1.0 12
1761568542231 0.9791666865348816 13
1761568543290 0.9895833134651184 14
1761568544480 0.9791666865348816 15
1761568545343 0.96875 16
1761568546149 0.9895833134651184 17
1761568546956 0.9895833134651184 18
1761568547847 0.9791666865348816 19
1761568548625 0.9895833134651184 20
1761568549402 0.9791666865348816 21
1761568550179 0.9895833134651184 22
1761568550973 0.9895833134651184 23
1761568551750 0.9791666865348816 24
1761568529856 0.8020833134651184 0
1761568607691 0.9895833134651184 25
