1761992371261 0.7099739909172058 0
1761992372871 0.8000692129135132 1
1761992373972 0.8613691926002502 2
1761992375121 0.8637903332710266 3
1761992376306 0.9029561281204224 4
1761992377687 0.9150061011314392 5
1761992378736 0.9187890887260437 6
1761992380103 0.9387485980987549 7
1761992381155 0.9344339370727539 8
1761992382202 0.9467664957046509 9
1761992383259 0.9550220966339111 10
1761992384303 0.9622893929481506 11
1761992385468 0.951748251914978 12
1761992386518 0.9610059261322021 13
1761992371261 0.7099739909172058 0
1761992423777 0.8637903332710266 14
