1761992371261 0.0010000000474974513 0
1761992372871 0.0010000000474974513 1
1761992373972 0.0010000000474974513 2
1761992375121 0.0010000000474974513 3
1761992376306 0.0010000000474974513 4
1761992377687 0.0010000000474974513 5
1761992378736 0.0010000000474974513 6
1761992380103 0.0010000000474974513 7
1761992381155 0.0010000000474974513 8
1761992382202 0.0005000000237487257 9
1761992383259 0.0005000000237487257 10
1761992384303 0.0005000000237487257 11
1761992385468 0.0005000000237487257 12
1761992386518 0.0005000000237487257 13
1761992371261 0.0010000000474974513 0
1761992423777 0.0010000000474974513 14
