1761992371261 0.8088800311088562 0
1761992372871 0.7001945972442627 1
1761992373972 0.6107175946235657 2
1761992375121 0.6003850698471069 3
1761992376306 0.5332316756248474 4
1761992377687 0.5060459971427917 5
1761992378736 0.4905964732170105 6
1761992380103 0.4502147138118744 7
1761992381155 0.4538652002811432 8
1761992382202 0.4236343801021576 9
1761992383259 0.4018673002719879 10
1761992384303 0.38075512647628784 11
1761992385468 0.4043368995189667 12
1761992386518 0.3819868564605713 13
1761992371261 0.8088800311088562 0
1761992423777 0.6003850698471069 14
