1761992371261 0.03685974329710007 0
1761992372871 0.045100223273038864 1
1761992373972 0.056172437965869904 2
1761992375121 0.05865522101521492 3
1761992376306 0.07148794829845428 4
1761992377687 0.08201304823160172 5
1761992378736 0.09100528806447983 6
1761992380103 0.09753483533859253 7
1761992381155 0.10532544553279877 8
1761992382202 0.11015912145376205 9
1761992383259 0.11891891807317734 10
1761992384303 0.12364130467176437 11
1761992385468 0.12378302961587906 12
1761992386518 0.12772133946418762 13
1761992371261 0.03685974329710007 0
1761992423777 0.05865522101521492 14
