1761992371261 0.8020833134651184 0
1761992372871 0.84375 1
1761992373972 0.8958333134651184 2
1761992375121 0.8541666865348816 3
1761992376306 0.8958333134651184 4
1761992377687 0.9166666865348816 5
1761992378736 0.8958333134651184 6
1761992380103 0.9479166865348816 7
1761992381155 0.9270833134651184 8
1761992382202 0.9375 9
1761992383259 0.9166666865348816 10
1761992384303 0.9479166865348816 11
1761992385468 0.9270833134651184 12
1761992386518 0.9166666865348816 13
1761992371261 0.8020833134651184 0
1761992423777 0.8541666865348816 14
