1761999233965 0.6463821530342102 0
1761999236913 0.7949246168136597 1
1761999238181 0.8133963942527771 2
1761999239935 0.870657205581665 3
1761999242211 0.8928954005241394 4
1761999243768 0.9047847390174866 5
1761999245762 0.9211568236351013 6
1761999247084 0.9265472292900085 7
1761999248751 0.9497228860855103 8
1761999251379 0.950004518032074 9
1761999252705 0.9542762637138367 10
1761999253953 0.9589312076568604 11
1761999255401 0.9616893529891968 12
1761999256852 0.9737215042114258 13
1761999258091 0.9639435410499573 14
1761999259337 0.9669384360313416 15
1761999260760 0.9744454026222229 16
1761999262010 0.9771767258644104 17
1761999263319 0.9810253977775574 18
1761999265405 0.9785988330841064 19
1761999266627 0.9801149368286133 20
1761999268251 0.9784137010574341 21
1761999269472 0.9844521880149841 22
1761999270946 0.985027015209198 23
1761999272523 0.9809906482696533 24
1761999273780 0.9841501116752625 25
1761999275177 0.986036479473114 26
1761999276382 0.980402946472168 27
1761999277731 0.9774288535118103 28
1761999278850 0.9755371809005737 29
1761999280310 0.9777501225471497 30
1761999281514 0.9860905408859253 31
1761999282734 0.9836306571960449 32
1761999283841 0.984553873538971 33
1761999285204 0.9878932237625122 34
1761999286300 0.9889130592346191 35
1761999287477 0.9868311882019043 36
1761999288948 0.9859310388565063 37
1761999290063 0.9841654896736145 38
1761999291189 0.9872439503669739 39
1761999292540 0.9918512105941772 40
1761999293965 0.9845128059387207 41
1761999295062 0.9865676760673523 42
1761999296179 0.9859541058540344 43
1761999297305 0.9883176684379578 44
1761999298823 0.986809253692627 45
1761999299920 0.9878200888633728 46
1761999301065 0.9900201559066772 47
1761999302411 0.9929212927818298 48
1761999303733 0.9904279112815857 49
1761999305487 0.9897591471672058 50
1761999307466 0.9898094534873962 51
1761999308589 0.9907673597335815 52
1761999309770 0.9858127236366272 53
1761999311056 0.9873712658882141 54
1761999312153 0.9781643152236938 55
1761999313379 0.9863476753234863 56
1761999314484 0.9850282669067383 57
1761999315639 0.990679919719696 58
1761999317467 0.9927951097488403 59
1761999320802 0.9915993809700012 60
1761999322408 0.9911080598831177 61
1761999325451 0.9923051595687866 62
1761999327302 0.9920441508293152 63
1761999329172 0.9935230016708374 64
1761999330933 0.9924235939979553 65
1761999332348 0.9951367974281311 66
1761999334927 0.9930562973022461 67
1761999336224 0.9944500923156738 68
1761999337479 0.9966695308685303 69
1761999340446 0.9958066344261169 70
1761999341730 0.9948755502700806 71
1761999342837 0.9958992600440979 72
1761999344262 0.9951650500297546 73
1761999345430 0.9890841841697693 74
1761999346548 0.9928979873657227 75
1761999347869 0.9963069558143616 76
1761999348969 0.9963428974151611 77
1761999350173 0.9931551814079285 78
1761999351334 0.994385838508606 79
1761999352467 0.9950005412101746 80
1761999233965 0.6463821530342102 0
1761999429802 0.9958066344261169 81
