1761999233965 0.0010000000474974513 0
1761999236913 0.0010000000474974513 1
1761999238181 0.0010000000474974513 2
1761999239935 0.0010000000474974513 3
1761999242211 0.0010000000474974513 4
1761999243768 0.0010000000474974513 5
1761999245762 0.0010000000474974513 6
1761999247084 0.0010000000474974513 7
1761999248751 0.0010000000474974513 8
1761999251379 0.0010000000474974513 9
1761999252705 0.0010000000474974513 10
1761999253953 0.0010000000474974513 11
1761999255401 0.0010000000474974513 12
1761999256852 0.0010000000474974513 13
1761999258091 0.0010000000474974513 14
1761999259337 0.0010000000474974513 15
1761999260760 0.0010000000474974513 16
1761999262010 0.0010000000474974513 17
1761999263319 0.0010000000474974513 18
1761999265405 0.0010000000474974513 19
1761999266627 0.0010000000474974513 20
1761999268251 0.0010000000474974513 21
1761999269472 0.0010000000474974513 22
1761999270946 0.0010000000474974513 23
1761999272523 0.0010000000474974513 24
1761999273780 0.0010000000474974513 25
1761999275177 0.0010000000474974513 26
1761999276382 0.0010000000474974513 27
1761999277731 0.0010000000474974513 28
1761999278850 0.0010000000474974513 29
1761999280310 0.0010000000474974513 30
1761999281514 0.0010000000474974513 31
1761999282734 0.0010000000474974513 32
1761999283841 0.0010000000474974513 33
1761999285204 0.0010000000474974513 34
1761999286300 0.0010000000474974513 35
1761999287477 0.0010000000474974513 36
1761999288948 0.0010000000474974513 37
1761999290063 0.0010000000474974513 38
1761999291189 0.0010000000474974513 39
1761999292540 0.0010000000474974513 40
1761999293965 0.0010000000474974513 41
1761999295062 0.0010000000474974513 42
1761999296179 0.0010000000474974513 43
1761999297305 0.0010000000474974513 44
1761999298823 0.0010000000474974513 45
1761999299920 0.0010000000474974513 46
1761999301065 0.0010000000474974513 47
1761999302411 0.0010000000474974513 48
1761999303733 0.0010000000474974513 49
1761999305487 0.0010000000474974513 50
1761999307466 0.0010000000474974513 51
1761999308589 0.0010000000474974513 52
1761999309770 0.0010000000474974513 53
1761999311056 0.0010000000474974513 54
1761999312153 0.0010000000474974513 55
1761999313379 0.0010000000474974513 56
1761999314484 0.0010000000474974513 57
1761999315639 0.0005000000237487257 58
1761999317467 0.0005000000237487257 59
1761999320802 0.0005000000237487257 60
1761999322408 0.0005000000237487257 61
1761999325451 0.0005000000237487257 62
1761999327302 0.0005000000237487257 63
1761999329172 0.0005000000237487257 64
1761999330933 0.0005000000237487257 65
1761999332348 0.0005000000237487257 66
1761999334927 0.0005000000237487257 67
1761999336224 0.0005000000237487257 68
1761999337479 0.0005000000237487257 69
1761999340446 0.0005000000237487257 70
1761999341730 0.0005000000237487257 71
1761999342837 0.0005000000237487257 72
1761999344262 0.0005000000237487257 73
1761999345430 0.0005000000237487257 74
1761999346548 0.0005000000237487257 75
1761999347869 0.0002500000118743628 76
1761999348969 0.0002500000118743628 77
1761999350173 0.0002500000118743628 78
1761999351334 0.0002500000118743628 79
1761999352467 0.0002500000118743628 80
1761999233965 0.0010000000474974513 0
1761999429802 0.0005000000237487257 81
