1761999233965 2.1596920490264893 0
1761999236913 1.93467378616333 1
1761999238181 1.862451434135437 2
1761999239935 1.7638269662857056 3
1761999242211 1.6935969591140747 4
1761999243768 1.6429752111434937 5
1761999245762 1.5900626182556152 6
1761999247084 1.5437568426132202 7
1761999248751 1.4688342809677124 8
1761999251379 1.4343147277832031 9
1761999252705 1.3955869674682617 10
1761999253953 1.3545868396759033 11
1761999255401 1.3192424774169922 12
1761999256852 1.2512322664260864 13
1761999258091 1.2536046504974365 14
1761999259337 1.2123275995254517 15
1761999260760 1.1613507270812988 16
1761999262010 1.1205371618270874 17
1761999263319 1.083455204963684 18
1761999265405 1.0697799921035767 19
1761999266627 1.0362688302993774 20
1761999268251 1.0214840173721313 21
1761999269472 0.970967173576355 22
1761999270946 0.9422749876976013 23
1761999272523 0.9406203627586365 24
1761999273780 0.9040020704269409 25
1761999275177 0.8735057711601257 26
1761999276382 0.8888424634933472 27
1761999277731 0.9018234610557556 28
1761999278850 0.891404926776886 29
1761999280310 0.8707752227783203 30
1761999281514 0.8109679818153381 31
1761999282734 0.799981415271759 32
1761999283841 0.7712500691413879 33
1761999285204 0.7429245114326477 34
1761999286300 0.7122126221656799 35
1761999287477 0.7162792086601257 36
1761999288948 0.7112309336662292 37
1761999290063 0.7140520811080933 38
1761999291189 0.675671398639679 39
1761999292540 0.6280191540718079 40
1761999293965 0.679715096950531 41
1761999295062 0.6559075117111206 42
1761999296179 0.6394934058189392 43
1761999297305 0.6159243583679199 44
1761999298823 0.6114242076873779 45
1761999299920 0.60556560754776 46
1761999301065 0.5759750008583069 47
1761999302411 0.5473926067352295 48
1761999303733 0.5511826872825623 49
1761999305487 0.547898530960083 50
1761999307466 0.5332937836647034 51
1761999308589 0.5155905485153198 52
1761999309770 0.5755318403244019 53
1761999311056 0.5568739771842957 54
1761999312153 0.6164839863777161 55
1761999313379 0.5551843047142029 56
1761999314484 0.5642746090888977 57
1761999315639 0.5185294151306152 58
1761999317467 0.4878464639186859 59
1761999320802 0.4906947910785675 60
1761999322408 0.4834151268005371 61
1761999325451 0.4766522943973541 62
1761999327302 0.4652845561504364 63
1761999329172 0.4504415690898895 64
1761999330933 0.449171245098114 65
1761999332348 0.4214804470539093 66
1761999334927 0.43409207463264465 67
1761999336224 0.4136790335178375 68
1761999337479 0.3882916569709778 69
1761999340446 0.3885227143764496 70
1761999341730 0.39381498098373413 71
1761999342837 0.38272061944007874 72
1761999344262 0.3801933825016022 73
1761999345430 0.4487777352333069 74
1761999346548 0.41373369097709656 75
1761999347869 0.38342592120170593 76
1761999348969 0.3717932403087616 77
1761999350173 0.39892005920410156 78
1761999351334 0.3852285146713257 79
1761999352467 0.375914603471756 80
1761999233965 2.1596920490264893 0
1761999429802 0.3885227143764496 81
