1761999233965 0.03195488825440407 0
1761999236913 0.04284221678972244 1
1761999238181 0.048894062638282776 2
1761999239935 0.05489417910575867 3
1761999242211 0.06737320125102997 4
1761999243768 0.07410562038421631 5
1761999245762 0.07962962985038757 6
1761999247084 0.08935742825269699 7
1761999248751 0.10743801295757294 8
1761999251379 0.11633986979722977 9
1761999252705 0.11451397836208344 10
1761999253953 0.12482468783855438 11
1761999255401 0.1303703635931015 12
1761999256852 0.15551839768886566 13
1761999258091 0.14754098653793335 14
1761999259337 0.16021126508712769 15
1761999260760 0.1858585923910141 16
1761999262010 0.19661733508110046 17
1761999263319 0.21261681616306305 18
1761999265405 0.19742488861083984 19
1761999266627 0.20956720411777496 20
1761999268251 0.20767495036125183 21
1761999269472 0.22062350809574127 22
1761999270946 0.24074074625968933 23
1761999272523 0.22524753212928772 24
1761999273780 0.2246376872062683 25
1761999275177 0.25833332538604736 26
1761999276382 0.25356125831604004 27
1761999277731 0.2032332569360733 28
1761999278850 0.20529800653457642 29
1761999280310 0.213429257273674 30
1761999281514 0.22682927548885345 31
1761999282734 0.240105539560318 32
1761999283841 0.24538259208202362 33
1761999285204 0.2642045319080353 34
1761999286300 0.2897196114063263 35
1761999287477 0.2732732594013214 36
1761999288948 0.28125 37
1761999290063 0.24193547666072845 38
1761999291189 0.27167630195617676 39
1761999292540 0.30225080251693726 40
1761999293965 0.26099705696105957 41
1761999295062 0.24594594538211823 42
1761999296179 0.2697947323322296 43
1761999297305 0.26900583505630493 44
1761999298823 0.2983606457710266 45
1761999299920 0.26822158694267273 46
1761999301065 0.27893173694610596 47
1761999302411 0.3089700937271118 48
1761999303733 0.31864407658576965 49
1761999305487 0.2915360629558563 50
1761999307466 0.3175675570964813 51
1761999308589 0.34065935015678406 52
1761999309770 0.2732732594013214 53
1761999311056 0.25770309567451477 54
1761999312153 0.22588832676410675 55
1761999313379 0.25690609216690063 56
1761999314484 0.25561797618865967 57
1761999315639 0.2805970013141632 58
1761999317467 0.30744338035583496 59
1761999320802 0.31525424122810364 60
1761999322408 0.3118644058704376 61
1761999325451 0.3206896483898163 62
1761999327302 0.34962406754493713 63
1761999329172 0.3479853570461273 64
1761999330933 0.35907337069511414 65
1761999332348 0.3571428656578064 66
1761999334927 0.3345588147640228 67
1761999336224 0.3700787425041199 68
1761999337479 0.402542382478714 69
1761999340446 0.4492753744125366 70
1761999341730 0.40084388852119446 71
1761999342837 0.4104803502559662 72
1761999344262 0.41228070855140686 73
1761999345430 0.33088234066963196 74
1761999346548 0.3333333432674408 75
1761999347869 0.374015748500824 76
1761999348969 0.40692639350891113 77
1761999350173 0.4008810520172119 78
1761999351334 0.4000000059604645 79
1761999352467 0.38983049988746643 80
1761999233965 0.03195488825440407 0
1761999429802 0.4492753744125366 81
