1761999233965 0.7157894968986511 0
1761999236913 0.8631578683853149 1
1761999238181 0.8842105269432068 2
1761999239935 0.8736842274665833 3
1761999242211 0.9368420839309692 4
1761999243768 0.9157894849777222 5
1761999245762 0.9052631855010986 6
1761999247084 0.9368420839309692 7
1761999248751 0.9578947424888611 8
1761999251379 0.9368420839309692 9
1761999252705 0.9052631855010986 10
1761999253953 0.9368420839309692 11
1761999255401 0.9263157844543457 12
1761999256852 0.9789473414421082 13
1761999258091 0.9473684430122375 14
1761999259337 0.9578947424888611 15
1761999260760 0.9684210419654846 16
1761999262010 0.9789473414421082 17
1761999263319 0.9578947424888611 18
1761999265405 0.9684210419654846 19
1761999266627 0.9684210419654846 20
1761999268251 0.9684210419654846 21
1761999269472 0.9684210419654846 22
1761999270946 0.9578947424888611 23
1761999272523 0.9578947424888611 24
1761999273780 0.9789473414421082 25
1761999275177 0.9789473414421082 26
1761999276382 0.9368420839309692 27
1761999277731 0.9263157844543457 28
1761999278850 0.9789473414421082 29
1761999280310 0.9368420839309692 30
1761999281514 0.9789473414421082 31
1761999282734 0.9578947424888611 32
1761999283841 0.9789473414421082 33
1761999285204 0.9789473414421082 34
1761999286300 0.9789473414421082 35
1761999287477 0.9578947424888611 36
1761999288948 0.9473684430122375 37
1761999290063 0.9473684430122375 38
1761999291189 0.9894737005233765 39
1761999292540 0.9894737005233765 40
1761999293965 0.9368420839309692 41
1761999295062 0.9578947424888611 42
1761999296179 0.9684210419654846 43
1761999297305 0.9684210419654846 44
1761999298823 0.9578947424888611 45
1761999299920 0.9684210419654846 46
1761999301065 0.9894737005233765 47
1761999302411 0.9789473414421082 48
1761999303733 0.9894737005233765 49
1761999305487 0.9789473414421082 50
1761999307466 0.9894737005233765 51
1761999308589 0.9789473414421082 52
1761999309770 0.9578947424888611 53
1761999311056 0.9684210419654846 54
1761999312153 0.9368420839309692 55
1761999313379 0.9789473414421082 56
1761999314484 0.9578947424888611 57
1761999315639 0.9894737005233765 58
1761999317467 1.0 59
1761999320802 0.9789473414421082 60
1761999322408 0.9684210419654846 61
1761999325451 0.9789473414421082 62
1761999327302 0.9789473414421082 63
1761999329172 1.0 64
1761999330933 0.9789473414421082 65
1761999332348 1.0 66
1761999334927 0.9578947424888611 67
1761999336224 0.9894737005233765 68
1761999337479 1.0 69
1761999340446 0.9789473414421082 70
1761999341730 1.0 71
1761999342837 0.9894737005233765 72
1761999344262 0.9894737005233765 73
1761999345430 0.9473684430122375 74
1761999346548 0.9789473414421082 75
1761999347869 1.0 76
1761999348969 0.9894737005233765 77
1761999350173 0.9578947424888611 78
1761999351334 0.9894737005233765 79
1761999352467 0.9684210419654846 80
1761999233965 0.7157894968986511 0
1761999429802 0.9789473414421082 81
