1761993786958 0.6373386383056641 0
1761993788160 0.7690183520317078 1
1761993789562 0.7762271165847778 2
1761993790993 0.8405545353889465 3
1761993792104 0.8434362411499023 4
1761993793586 0.8868294954299927 5
1761993794669 0.9019765257835388 6
1761993795935 0.9169990420341492 7
1761993797203 0.9188388586044312 8
1761993798281 0.9412356615066528 9
1761993799391 0.9410128593444824 10
1761993800518 0.9468299746513367 11
1761993801565 0.9395152926445007 12
1761993802596 0.9543399810791016 13
1761993803643 0.9595507979393005 14
1761993804898 0.957638680934906 15
1761993806039 0.9577544927597046 16
1761993807089 0.9579959511756897 17
1761993808422 0.9601607322692871 18
1761993809456 0.9630847573280334 19
1761993810489 0.9670009613037109 20
1761993811588 0.9563503265380859 21
1761993812738 0.9657822847366333 22
1761993813838 0.9692766070365906 23
1761993815077 0.9670993685722351 24
1761993816122 0.9751707911491394 25
1761993817154 0.9669562578201294 26
1761993818687 0.9674217700958252 27
1761993819787 0.9784097671508789 28
1761993820986 0.9718272686004639 29
1761993822086 0.9707068800926208 30
1761993823467 0.9702960252761841 31
1761993824519 0.9800716042518616 32
1761993825719 0.9781807065010071 33
1761993826855 0.9766160249710083 34
1761993827918 0.9789413213729858 35
1761993829268 0.9804936647415161 36
1761993830385 0.9781508445739746 37
1761993831434 0.9811049699783325 38
1761993832802 0.9792263507843018 39
1761993833899 0.9791205525398254 40
1761993834967 0.9802907109260559 41
1761993836017 0.9809032082557678 42
1761993837218 0.9784558415412903 43
1761993838267 0.9858202338218689 44
1761993839341 0.9809865951538086 45
1761993840566 0.9772782921791077 46
1761993841699 0.9853895306587219 47
1761993843015 0.9785280823707581 48
1761993844082 0.9804499745368958 49
1761993845150 0.974919319152832 50
1761993846298 0.9825613498687744 51
1761993847364 0.9862521290779114 52
1761993848414 0.9856720566749573 53
1761993849481 0.9856957197189331 54
1761993850832 0.9883509874343872 55
1761993852217 0.9851045608520508 56
1761993853330 0.984479546546936 57
1761993854728 0.9845355153083801 58
1761993855779 0.9891501069068909 59
1761993857346 0.9863343834877014 60
1761993858428 0.9882152676582336 61
1761993859595 0.9843102097511292 62
1761993860678 0.9849949479103088 63
1761993861744 0.9863892197608948 64
1761993862811 0.9860430359840393 65
1761993863944 0.9871024489402771 66
1761993865377 0.9899082779884338 67
1761993866607 0.9893941879272461 68
1761993867711 0.9878891706466675 69
1761993868943 0.9853957295417786 70
1761993870010 0.9885351061820984 71
1761993871443 0.9892745614051819 72
1761993872576 0.9862620830535889 73
1761993873759 0.9874807596206665 74
1761993874842 0.989030659198761 75
1761993876158 0.9882500767707825 76
1761993877283 0.9846514463424683 77
1761993878425 0.9902878999710083 78
1761993879493 0.9883770942687988 79
1761993880559 0.988715648651123 80
1761993881990 0.9888314604759216 81
1761993883124 0.9881083369255066 82
1761993884185 0.9876376986503601 83
1761993885256 0.9873874187469482 84
1761993886356 0.9870873689651489 85
1761993887523 0.9866480231285095 86
1761993786958 0.6373386383056641 0
1761993898970 0.9882500767707825 87
