1761993786958 0.0010000000474974513 0
1761993788160 0.0010000000474974513 1
1761993789562 0.0010000000474974513 2
1761993790993 0.0010000000474974513 3
1761993792104 0.0010000000474974513 4
1761993793586 0.0010000000474974513 5
1761993794669 0.0010000000474974513 6
1761993795935 0.0010000000474974513 7
1761993797203 0.0010000000474974513 8
1761993798281 0.0010000000474974513 9
1761993799391 0.0010000000474974513 10
1761993800518 0.0010000000474974513 11
1761993801565 0.0010000000474974513 12
1761993802596 0.0005000000237487257 13
1761993803643 0.0005000000237487257 14
1761993804898 0.0005000000237487257 15
1761993806039 0.0005000000237487257 16
1761993807089 0.0005000000237487257 17
1761993808422 0.0005000000237487257 18
1761993809456 0.0005000000237487257 19
1761993810489 0.0005000000237487257 20
1761993811588 0.0005000000237487257 21
1761993812738 0.0005000000237487257 22
1761993813838 0.0005000000237487257 23
1761993815077 0.0005000000237487257 24
1761993816122 0.0005000000237487257 25
1761993817154 0.0005000000237487257 26
1761993818687 0.0005000000237487257 27
1761993819787 0.0005000000237487257 28
1761993820986 0.0005000000237487257 29
1761993822086 0.0005000000237487257 30
1761993823467 0.0005000000237487257 31
1761993824519 0.0005000000237487257 32
1761993825719 0.0005000000237487257 33
1761993826855 0.0005000000237487257 34
1761993827918 0.0005000000237487257 35
1761993829268 0.0005000000237487257 36
1761993830385 0.0005000000237487257 37
1761993831434 0.0005000000237487257 38
1761993832802 0.0005000000237487257 39
1761993833899 0.0005000000237487257 40
1761993834967 0.0002500000118743628 41
1761993836017 0.0002500000118743628 42
1761993837218 0.0002500000118743628 43
1761993838267 0.0002500000118743628 44
1761993839341 0.0002500000118743628 45
1761993840566 0.0002500000118743628 46
1761993841699 0.0002500000118743628 47
1761993843015 0.0002500000118743628 48
1761993844082 0.0002500000118743628 49
1761993845150 0.0002500000118743628 50
1761993846298 0.0002500000118743628 51
1761993847364 0.0002500000118743628 52
1761993848414 0.0001250000059371814 53
1761993849481 0.0001250000059371814 54
1761993850832 0.0001250000059371814 55
1761993852217 0.0001250000059371814 56
1761993853330 0.0001250000059371814 57
1761993854728 0.0001250000059371814 58
1761993855779 0.0001250000059371814 59
1761993857346 0.0001250000059371814 60
1761993858428 0.0001250000059371814 61
1761993859595 0.0001250000059371814 62
1761993860678 0.0001250000059371814 63
1761993861744 0.0001250000059371814 64
1761993862811 0.0001250000059371814 65
1761993863944 0.0001250000059371814 66
1761993865377 0.0001250000059371814 67
1761993866607 0.0001250000059371814 68
1761993867711 0.0001250000059371814 69
1761993868943 0.0001250000059371814 70
1761993870010 0.0001250000059371814 71
1761993871443 0.0001250000059371814 72
1761993872576 0.0001250000059371814 73
1761993873759 0.0001250000059371814 74
1761993874842 0.0001250000059371814 75
1761993876158 0.0001250000059371814 76
1761993877283 0.0001250000059371814 77
1761993878425 0.0001250000059371814 78
1761993879493 0.0001250000059371814 79
1761993880559 0.0001250000059371814 80
1761993881990 0.0001250000059371814 81
1761993883124 6.25000029685907e-05 82
1761993884185 6.25000029685907e-05 83
1761993885256 6.25000029685907e-05 84
1761993886356 6.25000029685907e-05 85
1761993887523 6.25000029685907e-05 86
1761993786958 0.0010000000474974513 0
1761993898970 0.0001250000059371814 87
