1761993786958 1.4712425470352173 0
1761993788160 1.3469713926315308 1
1761993789562 1.3150140047073364 2
1761993790993 1.2245488166809082 3
1761993792104 1.2088100910186768 4
1761993793586 1.1465963125228882 5
1761993794669 1.10353684425354 6
1761993795935 1.0628747940063477 7
1761993797203 1.0474189519882202 8
1761993798281 0.9916270971298218 9
1761993799391 0.9744583368301392 10
1761993800518 0.9480887651443481 11
1761993801565 0.9518980979919434 12
1761993802596 0.9050959348678589 13
1761993803643 0.8867636322975159 14
1761993804898 0.882133960723877 15
1761993806039 0.8769387602806091 16
1761993807089 0.862616777420044 17
1761993808422 0.8556702136993408 18
1761993809456 0.8410311341285706 19
1761993810489 0.8198657035827637 20
1761993811588 0.8491077423095703 21
1761993812738 0.8137719035148621 22
1761993813838 0.7992274761199951 23
1761993815077 0.7937121391296387 24
1761993816122 0.7642545700073242 25
1761993817154 0.7858678102493286 26
1761993818687 0.7775809168815613 27
1761993819787 0.7319108843803406 28
1761993820986 0.7512511610984802 29
1761993822086 0.7511299252510071 30
1761993823467 0.7459673881530762 31
1761993824519 0.6992081999778748 32
1761993825719 0.700472891330719 33
1761993826855 0.6959611177444458 34
1761993827918 0.6856706738471985 35
1761993829268 0.679791271686554 36
1761993830385 0.6852105855941772 37
1761993831434 0.655998170375824 38
1761993832802 0.6648558974266052 39
1761993833899 0.65999835729599 40
1761993834967 0.651854395866394 41
1761993836017 0.6447876691818237 42
1761993837218 0.6556131839752197 43
1761993838267 0.6220222115516663 44
1761993839341 0.6413061022758484 45
1761993840566 0.6525906920433044 46
1761993841699 0.6119499206542969 47
1761993843015 0.6394628286361694 48
1761993844082 0.6271435022354126 49
1761993845150 0.657987117767334 50
1761993846298 0.6081526875495911 51
1761993847364 0.5919842720031738 52
1761993848414 0.596163809299469 53
1761993849481 0.5991486310958862 54
1761993850832 0.577485203742981 55
1761993852217 0.5854729413986206 56
1761993853330 0.5917659401893616 57
1761993854728 0.592441201210022 58
1761993855779 0.5696824789047241 59
1761993857346 0.5842897295951843 60
1761993858428 0.5727336406707764 61
1761993859595 0.590556800365448 62
1761993860678 0.5847422480583191 63
1761993861744 0.5768831968307495 64
1761993862811 0.5785847902297974 65
1761993863944 0.5635408759117126 66
1761993865377 0.5517706274986267 67
1761993866607 0.5590932369232178 68
1761993867711 0.5662117004394531 69
1761993868943 0.5672277808189392 70
1761993870010 0.5557152628898621 71
1761993871443 0.5479133725166321 72
1761993872576 0.5618828535079956 73
1761993873759 0.5482297539710999 74
1761993874842 0.5453423857688904 75
1761993876158 0.5522019267082214 76
1761993877283 0.5708492398262024 77
1761993878425 0.5362356305122375 78
1761993879493 0.5491191744804382 79
1761993880559 0.5358307957649231 80
1761993881990 0.5433906316757202 81
1761993883124 0.5401138663291931 82
1761993884185 0.5406196117401123 83
1761993885256 0.5442187190055847 84
1761993886356 0.550309419631958 85
1761993887523 0.5554309487342834 86
1761993786958 1.4712425470352173 0
1761993898970 0.5522019267082214 87
