1761993786958 0.0293421670794487 0
1761993788160 0.04144527018070221 1
1761993789562 0.04384965822100639 2
1761993790993 0.05471324920654297 3
1761993792104 0.055670104920864105 4
1761993793586 0.06784888356924057 5
1761993794669 0.07284767925739288 6
1761993795935 0.08490566164255142 7
1761993797203 0.08656716346740723 8
1761993798281 0.10188261419534683 9
1761993799391 0.10475030541419983 10
1761993800518 0.11042183637619019 11
1761993801565 0.114543117582798 12
1761993802596 0.1248285323381424 13
1761993803643 0.12638889253139496 14
1761993804898 0.1332312375307083 15
1761993806039 0.13146233558654785 16
1761993807089 0.13829787075519562 17
1761993808422 0.134848490357399 18
1761993809456 0.14064915478229523 19
1761993810489 0.1590106040239334 20
1761993811588 0.14402619004249573 21
1761993812738 0.15318416059017181 22
1761993813838 0.1578044593334198 23
1761993815077 0.16914498805999756 24
1761993816122 0.16606497764587402 25
1761993817154 0.1595744639635086 26
1761993818687 0.15978455543518066 27
1761993819787 0.1876247525215149 28
1761993820986 0.18199999630451202 29
1761993822086 0.17475728690624237 30
1761993823467 0.18199999630451202 31
1761993824519 0.20614035427570343 32
1761993825719 0.191268190741539 33
1761993826855 0.2098214328289032 34
1761993827918 0.19491524994373322 35
1761993829268 0.20319634675979614 36
1761993830385 0.20720720291137695 37
1761993831434 0.20386266708374023 38
1761993832802 0.21052631735801697 39
1761993833899 0.21176470816135406 40
1761993834967 0.21852731704711914 41
1761993836017 0.2243436723947525 42
1761993837218 0.20681817829608917 43
1761993838267 0.22518159449100494 44
1761993839341 0.23589743673801422 45
1761993840566 0.21377672255039215 46
1761993841699 0.23383083939552307 47
1761993843015 0.2182254195213318 48
1761993844082 0.2309582382440567 49
1761993845150 0.21016165614128113 50
1761993846298 0.23170731961727142 51
1761993847364 0.22325581312179565 52
1761993848414 0.24468085169792175 53
1761993849481 0.23821990191936493 54
1761993850832 0.24742268025875092 55
1761993852217 0.2637362778186798 56
1761993853330 0.24607330560684204 57
1761993854728 0.2447916716337204 58
1761993855779 0.25401070713996887 59
1761993857346 0.2222222238779068 60
1761993858428 0.2460317462682724 61
1761993859595 0.24598930776119232 62
1761993860678 0.25549450516700745 63
1761993861744 0.24932976067066193 64
1761993862811 0.24409449100494385 65
1761993863944 0.260869562625885 66
1761993865377 0.25600001215934753 67
1761993866607 0.25340598821640015 68
1761993867711 0.26878613233566284 69
1761993868943 0.2603878080844879 70
1761993870010 0.269565224647522 71
1761993871443 0.28358209133148193 72
1761993872576 0.26836156845092773 73
1761993873759 0.2638888955116272 74
1761993874842 0.26628896594047546 75
1761993876158 0.2700296640396118 76
1761993877283 0.2779456079006195 77
1761993878425 0.2753623127937317 78
1761993879493 0.26744186878204346 79
1761993880559 0.28106507658958435 80
1761993881990 0.2784431278705597 81
1761993883124 0.2888198792934418 82
1761993884185 0.2761628031730652 83
1761993885256 0.2732558250427246 84
1761993886356 0.269461065530777 85
1761993887523 0.2796352505683899 86
1761993786958 0.0293421670794487 0
1761993898970 0.2700296640396118 87
