1761993786958 0.6458333134651184 0
1761993788160 0.8125 1
1761993789562 0.8020833134651184 2
1761993790993 0.8645833134651184 3
1761993792104 0.84375 4
1761993793586 0.9166666865348816 5
1761993794669 0.9166666865348816 6
1761993795935 0.9375 7
1761993797203 0.90625 8
1761993798281 0.9583333134651184 9
1761993799391 0.8958333134651184 10
1761993800518 0.9270833134651184 11
1761993801565 0.9270833134651184 12
1761993802596 0.9479166865348816 13
1761993803643 0.9479166865348816 14
1761993804898 0.90625 15
1761993806039 0.9270833134651184 16
1761993807089 0.9479166865348816 17
1761993808422 0.9270833134651184 18
1761993809456 0.9479166865348816 19
1761993810489 0.9375 20
1761993811588 0.9166666865348816 21
1761993812738 0.9270833134651184 22
1761993813838 0.9583333134651184 23
1761993815077 0.9479166865348816 24
1761993816122 0.9583333134651184 25
1761993817154 0.9375 26
1761993818687 0.9270833134651184 27
1761993819787 0.9791666865348816 28
1761993820986 0.9479166865348816 29
1761993822086 0.9375 30
1761993823467 0.9479166865348816 31
1761993824519 0.9791666865348816 32
1761993825719 0.9583333134651184 33
1761993826855 0.9791666865348816 34
1761993827918 0.9583333134651184 35
1761993829268 0.9270833134651184 36
1761993830385 0.9583333134651184 37
1761993831434 0.9895833134651184 38
1761993832802 0.9583333134651184 39
1761993833899 0.9375 40
1761993834967 0.9583333134651184 41
1761993836017 0.9791666865348816 42
1761993837218 0.9479166865348816 43
1761993838267 0.96875 44
1761993839341 0.9583333134651184 45
1761993840566 0.9375 46
1761993841699 0.9791666865348816 47
1761993843015 0.9479166865348816 48
1761993844082 0.9791666865348816 49
1761993845150 0.9479166865348816 50
1761993846298 0.9895833134651184 51
1761993847364 1.0 52
1761993848414 0.9583333134651184 53
1761993849481 0.9479166865348816 54
1761993850832 1.0 55
1761993852217 1.0 56
1761993853330 0.9791666865348816 57
1761993854728 0.9791666865348816 58
1761993855779 0.9895833134651184 59
1761993857346 0.9583333134651184 60
1761993858428 0.96875 61
1761993859595 0.9583333134651184 62
1761993860678 0.96875 63
1761993861744 0.96875 64
1761993862811 0.96875 65
1761993863944 1.0 66
1761993865377 1.0 67
1761993866607 0.96875 68
1761993867711 0.96875 69
1761993868943 0.9791666865348816 70
1761993870010 0.96875 71
1761993871443 0.9895833134651184 72
1761993872576 0.9895833134651184 73
1761993873759 0.9895833134651184 74
1761993874842 0.9791666865348816 75
1761993876158 0.9479166865348816 76
1761993877283 0.9583333134651184 77
1761993878425 0.9895833134651184 78
1761993879493 0.9583333134651184 79
1761993880559 0.9895833134651184 80
1761993881990 0.96875 81
1761993883124 0.96875 82
1761993884185 0.9895833134651184 83
1761993885256 0.9791666865348816 84
1761993886356 0.9375 85
1761993887523 0.9583333134651184 86
1761993786958 0.6458333134651184 0
1761993898970 0.9479166865348816 87
