1761020869787 0.6750945448875427 0
1761020871119 0.8917769193649292 1
1761020872251 0.9608932137489319 2
1761020873434 0.9776701331138611 3
1761020874353 0.9834593534469604 4
1761020875712 0.9867674708366394 5
1761020877069 0.9868856072425842 6
1761020878076 0.988067090511322 7
1761020879093 0.9875945448875427 8
1761020879925 0.9877126812934875 9
1761020880983 0.9871219396591187 10
1761020881962 0.9883034229278564 11
1761020882880 0.9885396957397461 12
1761020883767 0.9875945448875427 13
1761020869787 0.6750945448875427 0
1761020936521 0.9776701331138611 14
