1761020869787 0.0010000000474974513 0
1761020871119 0.0010000000474974513 1
1761020872251 0.0010000000474974513 2
1761020873434 0.0010000000474974513 3
1761020874353 0.0010000000474974513 4
1761020875712 0.0010000000474974513 5
1761020877069 0.0010000000474974513 6
1761020878076 0.0010000000474974513 7
1761020879093 0.0010000000474974513 8
1761020879925 0.0005000000237487257 9
1761020880983 0.0005000000237487257 10
1761020881962 0.0005000000237487257 11
1761020882880 0.0005000000237487257 12
1761020883767 0.0005000000237487257 13
1761020869787 0.0010000000474974513 0
1761020936521 0.0010000000474974513 14
