1761020869787 0.16653911769390106 0
1761020871119 0.05466441065073013 1
1761020872251 0.025438809767365456 2
1761020873434 0.017574669793248177 3
1761020874353 0.01408033911138773 4
1761020875712 0.01049654558300972 5
1761020877069 0.010118481703102589 6
1761020878076 0.00903597567230463 7
1761020879093 0.008740638382732868 8
1761020879925 0.008460350334644318 9
1761020880983 0.00834849663078785 10
1761020881962 0.007745422888547182 11
1761020882880 0.00689306715503335 12
1761020883767 0.007075593341141939 13
1761020869787 0.16653911769390106 0
1761020936521 0.017574669793248177 14
