1761421685306 0.5556474328041077 0
1761421686504 0.668005645275116 1
1761421687372 0.7417296767234802 2
1761421688176 0.7822542786598206 3
1761421690581 0.8358932137489319 4
1761421692057 0.866375207901001 5
1761421693173 0.8636578321456909 6
1761421693988 0.8922495245933533 7
1761421694926 0.9017013311386108 8
1761421695899 0.9058364629745483 9
1761421698121 0.9159971475601196 10
1761421700623 0.9358459115028381 11
1761421702613 0.9204867482185364 12
1761421703478 0.9268667101860046 13
1761421704247 0.9196597337722778 14
1761421705728 0.9295841455459595 15
1761421708162 0.9362003803253174 16
1761421709263 0.9417533278465271 17
1761421712374 0.9411625862121582 18
1761421714617 0.9497873187065125 19
1761421715497 0.954395055770874 20
1761421716257 0.9522684216499329 21
1761421717739 0.9588847160339355 22
1761421718616 0.9697542786598206 23
1761421719438 0.9623109698295593 24
1761421720192 0.9633743166923523 25
1761421721025 0.9607750177383423 26
1761421722689 0.953213632106781 27
1761421723551 0.9540406465530396 28
1761421724323 0.9594753980636597 29
1761421725080 0.9646739363670349 30
1761421726464 0.9650283455848694 31
1761421728097 0.9608932137489319 32
1761421728918 0.964083194732666 33
1761421729682 0.9743620157241821 34
1761421730435 0.9775519967079163 35
1761421731302 0.9783790111541748 36
1761421732709 0.9799149632453918 37
1761421733989 0.9777882695198059 38
1761421734741 0.9814508557319641 39
1761421735704 0.9789697527885437 40
1761421736473 0.9783790111541748 41
1761421737238 0.9802693724632263 42
1761421737999 0.9800330996513367 43
1761421738909 0.9835774898529053 44
1761421739728 0.9840500950813293 45
1761421685306 0.5556474328041077 0
1761421793256 0.9775519967079163 46
