1761421685306 0.0010000000474974513 0
1761421686504 0.0010000000474974513 1
1761421687372 0.0010000000474974513 2
1761421688176 0.0010000000474974513 3
1761421690581 0.0010000000474974513 4
1761421692057 0.0010000000474974513 5
1761421693173 0.0010000000474974513 6
1761421693988 0.0010000000474974513 7
1761421694926 0.0010000000474974513 8
1761421695899 0.0010000000474974513 9
1761421698121 0.0010000000474974513 10
1761421700623 0.0010000000474974513 11
1761421702613 0.0010000000474974513 12
1761421703478 0.0010000000474974513 13
1761421704247 0.0010000000474974513 14
1761421705728 0.0010000000474974513 15
1761421708162 0.0010000000474974513 16
1761421709263 0.0010000000474974513 17
1761421712374 0.0010000000474974513 18
1761421714617 0.0010000000474974513 19
1761421715497 0.0010000000474974513 20
1761421716257 0.0010000000474974513 21
1761421717739 0.0010000000474974513 22
1761421718616 0.0010000000474974513 23
1761421719438 0.0010000000474974513 24
1761421720192 0.0010000000474974513 25
1761421721025 0.0010000000474974513 26
1761421722689 0.0010000000474974513 27
1761421723551 0.0010000000474974513 28
1761421724323 0.0010000000474974513 29
1761421725080 0.0010000000474974513 30
1761421726464 0.0005000000237487257 31
1761421728097 0.0005000000237487257 32
1761421728918 0.0005000000237487257 33
1761421729682 0.0005000000237487257 34
1761421730435 0.0005000000237487257 35
1761421731302 0.0005000000237487257 36
1761421732709 0.0005000000237487257 37
1761421733989 0.0005000000237487257 38
1761421734741 0.0005000000237487257 39
1761421735704 0.0005000000237487257 40
1761421736473 0.0002500000118743628 41
1761421737238 0.0002500000118743628 42
1761421737999 0.0002500000118743628 43
1761421738909 0.0002500000118743628 44
1761421739728 0.0002500000118743628 45
1761421685306 0.0010000000474974513 0
1761421793256 0.0005000000237487257 46
