1761421685306 0.6389582753181458 0
1761421686504 0.46758124232292175 1
1761421687372 0.4400874376296997 2
1761421688176 0.3610438406467438 3
1761421690581 0.2973974943161011 4
1761421692057 0.2571135461330414 5
1761421693173 0.2563760280609131 6
1761421693988 0.22886814177036285 7
1761421694926 0.20082208514213562 8
1761421695899 0.20945310592651367 9
1761421698121 0.1580291986465454 10
1761421700623 0.15281912684440613 11
1761421702613 0.15692336857318878 12
1761421703478 0.16818265616893768 13
1761421704247 0.16319261491298676 14
1761421705728 0.1492817997932434 15
1761421708162 0.13035671412944794 16
1761421709263 0.13651815056800842 17
1761421712374 0.12069692462682724 18
1761421714617 0.10468190163373947 19
1761421715497 0.09912431985139847 20
1761421716257 0.0986112728714943 21
1761421717739 0.08206018060445786 22
1761421718616 0.06401166319847107 23
1761421719438 0.09635318070650101 24
1761421720192 0.07905024290084839 25
1761421721025 0.1019553542137146 26
1761421722689 0.1111857146024704 27
1761421723551 0.10750552266836166 28
1761421724323 0.08412488549947739 29
1761421725080 0.08560438454151154 30
1761421726464 0.08988717198371887 31
1761421728097 0.08330686390399933 32
1761421728918 0.06899677217006683 33
1761421729682 0.05645544081926346 34
1761421730435 0.04782836139202118 35
1761421731302 0.0477418377995491 36
1761421732709 0.050757136195898056 37
1761421733989 0.050008442252874374 38
1761421734741 0.03922455757856369 39
1761421735704 0.05497630313038826 40
1761421736473 0.038312993943691254 41
1761421737238 0.03849051147699356 42
1761421737999 0.04614455997943878 43
1761421738909 0.03776721656322479 44
1761421739728 0.03713419660925865 45
1761421685306 0.6389582753181458 0
1761421793256 0.04782836139202118 46
