1761561431493 0.7132304310798645 0
1761561432343 0.8419114351272583 1
1761561432959 0.9148778319358826 2
1761561433643 0.9061492085456848 3
1761561434276 0.9187716245651245 4
1761561434909 0.9520743489265442 5
1761561435575 0.9646955728530884 6
1761561436209 0.9703521132469177 7
1761561436842 0.9738973379135132 8
1761561437658 0.977351725101471 9
1761561438258 0.9851093888282776 10
1761561438825 0.9801501035690308 11
1761561439458 0.9866929054260254 12
1761561440058 0.9893319010734558 13
1761561440641 0.992219865322113 14
1761561441222 0.9913410544395447 15
1761561441841 0.9919049143791199 16
1761561442420 0.9931086897850037 17
1761561431493 0.7132304310798645 0
1761561496044 0.9703521132469177 18
