1761561431493 0.0010000000474974513 0
1761561432343 0.0010000000474974513 1
1761561432959 0.0010000000474974513 2
1761561433643 0.0010000000474974513 3
1761561434276 0.0010000000474974513 4
1761561434909 0.0010000000474974513 5
1761561435575 0.0010000000474974513 6
1761561436209 0.0010000000474974513 7
1761561436842 0.0010000000474974513 8
1761561437658 0.0010000000474974513 9
1761561438258 0.0010000000474974513 10
1761561438825 0.0010000000474974513 11
1761561439458 0.0010000000474974513 12
1761561440058 0.0005000000237487257 13
1761561440641 0.0005000000237487257 14
1761561441222 0.0005000000237487257 15
1761561441841 0.0005000000237487257 16
1761561442420 0.0005000000237487257 17
1761561431493 0.0010000000474974513 0
1761561496044 0.0010000000474974513 18
