1761561431493 0.6771803498268127 0
1761561432343 0.5288500785827637 1
1761561432959 0.4233119487762451 2
1761561433643 0.412911593914032 3
1761561434276 0.3831339180469513 4
1761561434909 0.3125026524066925 5
1761561435575 0.2745559513568878 6
1761561436209 0.24612005054950714 7
1761561436842 0.22768685221672058 8
1761561437658 0.20861946046352386 9
1761561438258 0.17260025441646576 10
1761561438825 0.18644019961357117 11
1761561439458 0.15436041355133057 12
1761561440058 0.14545838534832 13
1761561440641 0.1238071471452713 14
1761561441222 0.12340828031301498 15
1761561441841 0.11494305729866028 16
1761561442420 0.11153759807348251 17
1761561431493 0.6771803498268127 0
1761561496044 0.24612005054950714 18
