1761561431493 0.03680981695652008 0
1761561432343 0.04948805645108223 1
1761561432959 0.06361149251461029 2
1761561433643 0.0716666653752327 3
1761561434276 0.08065994828939438 4
1761561434909 0.10158013552427292 5
1761561435575 0.11711711436510086 6
1761561436209 0.14176829159259796 7
1761561436842 0.14556962251663208 8
1761561437658 0.16636528074741364 9
1761561438258 0.1979166716337204 10
1761561438825 0.1953781545162201 11
1761561439458 0.2311435490846634 12
1761561440058 0.20666666328907013 13
1761561440641 0.25065964460372925 14
1761561441222 0.2740524709224701 15
1761561441841 0.29320988059043884 16
1761561442420 0.30392158031463623 17
1761561431493 0.03680981695652008 0
1761561496044 0.14176829159259796 18
