1761561431493 0.8125 0
1761561432343 0.90625 1
1761561432959 0.96875 2
1761561433643 0.8958333134651184 3
1761561434276 0.9166666865348816 4
1761561434909 0.9375 5
1761561435575 0.9479166865348816 6
1761561436209 0.96875 7
1761561436842 0.9583333134651184 8
1761561437658 0.9583333134651184 9
1761561438258 0.9895833134651184 10
1761561438825 0.96875 11
1761561439458 0.9895833134651184 12
1761561440058 0.96875 13
1761561440641 0.9895833134651184 14
1761561441222 0.9791666865348816 15
1761561441841 0.9895833134651184 16
1761561442420 0.96875 17
1761561431493 0.8125 0
1761561496044 0.96875 18
