1761369582150 0.0010000000474974513 0
1761369583336 0.0010000000474974513 1
1761369584218 0.0010000000474974513 2
1761369584997 0.0010000000474974513 3
1761369585795 0.0010000000474974513 4
1761369586553 0.0010000000474974513 5
1761369587399 0.0010000000474974513 6
1761369588184 0.0005000000237487257 7
1761369588947 0.0005000000237487257 8
1761369590732 0.0005000000237487257 9
1761369591517 0.0005000000237487257 10
1761369592294 0.0005000000237487257 11
1761369582150 0.0010000000474974513 0
1761369667624 0.0010000000474974513 12
