1761369582150 0.18094216287136078 0
1761369583336 0.06260838359594345 1
1761369584218 0.029293393716216087 2
1761369584997 0.017497731372714043 3
1761369585795 0.013031012378633022 4
1761369586553 0.011787697672843933 5
1761369587399 0.009930829517543316 6
1761369588184 0.009752987883985043 7
1761369588947 0.009324776940047741 8
1761369590732 0.007817127741873264 9
1761369591517 0.008969128131866455 10
1761369592294 0.008052850142121315 11
1761369582150 0.18094216287136078 0
1761369667624 0.06260838359594345 12
