1761855788065 0.7028697729110718 0
1761855789815 0.7890886068344116 1
1761855791456 0.8750261068344116 2
1761855793002 0.8865395784378052 3
1761855794549 0.8946656584739685 4
1761855796205 0.9329264760017395 5
1761855797627 0.9285185933113098 6
1761855799049 0.9403319954872131 7
1761855800611 0.9475182890892029 8
1761855802127 0.942847728729248 9
1761855803534 0.956391453742981 10
1761855805096 0.9648799300193787 11
1761855807549 0.9706433415412903 12
1761855808971 0.9719827771186829 13
1761855810581 0.9694557785987854 14
1761855788065 0.7028697729110718 0
1761855887442 0.8946656584739685 15
