1761855788065 0.0010000000474974513 0
1761855789815 0.0010000000474974513 1
1761855791456 0.0010000000474974513 2
1761855793002 0.0010000000474974513 3
1761855794549 0.0010000000474974513 4
1761855796205 0.0010000000474974513 5
1761855797627 0.0010000000474974513 6
1761855799049 0.0010000000474974513 7
1761855800611 0.0010000000474974513 8
1761855802127 0.0010000000474974513 9
1761855803534 0.0005000000237487257 10
1761855805096 0.0005000000237487257 11
1761855807549 0.0005000000237487257 12
1761855808971 0.0005000000237487257 13
1761855810581 0.0005000000237487257 14
1761855788065 0.0010000000474974513 0
1761855887442 0.0010000000474974513 15
