1761855788065 0.7943564653396606 0
1761855789815 0.6993407607078552 1
1761855791456 0.597368061542511 2
1761855793002 0.5657567381858826 3
1761855794549 0.5472412109375 4
1761855796205 0.48003602027893066 5
1761855797627 0.4721736013889313 6
1761855799049 0.44589880108833313 7
1761855800611 0.4237591624259949 8
1761855802127 0.4291468858718872 9
1761855803534 0.3972257971763611 10
1761855805096 0.3705812990665436 11
1761855807549 0.35183000564575195 12
1761855808971 0.34458544850349426 13
1761855810581 0.348076194524765 14
1761855788065 0.7943564653396606 0
1761855887442 0.5472412109375 15
