1761855788065 0.03600189462304115 0
1761855789815 0.043668121099472046 1
1761855791456 0.05737704783678055 2
1761855793002 0.06328233331441879 3
1761855794549 0.07583773881196976 4
1761855796205 0.08425925672054291 5
1761855797627 0.08853118866682053 6
1761855799049 0.09574468433856964 7
1761855800611 0.10875000059604645 8
1761855802127 0.12100139260292053 9
1761855803534 0.1223922148346901 10
1761855805096 0.13199426233768463 11
1761855807549 0.14132104814052582 12
1761855808971 0.15333333611488342 13
1761855810581 0.14983713626861572 14
1761855788065 0.03600189462304115 0
1761855887442 0.07583773881196976 15
