1761855788065 0.7916666865348816 0
1761855789815 0.8333333134651184 1
1761855791456 0.9479166865348816 2
1761855793002 0.9479166865348816 3
1761855794549 0.8958333134651184 4
1761855796205 0.9479166865348816 5
1761855797627 0.9166666865348816 6
1761855799049 0.9375 7
1761855800611 0.90625 8
1761855802127 0.90625 9
1761855803534 0.9166666865348816 10
1761855805096 0.9583333134651184 11
1761855807549 0.9583333134651184 12
1761855808971 0.9583333134651184 13
1761855810581 0.9583333134651184 14
1761855788065 0.7916666865348816 0
1761855887442 0.8958333134651184 15
