1761993439056 0.6821136474609375 0
1761993440186 0.7819458246231079 1
1761993441318 0.8085078597068787 2
1761993442437 0.8476138710975647 3
1761993443569 0.8861399292945862 4
1761993444733 0.8913631439208984 5
1761993445967 0.9250828623771667 6
1761993447015 0.9184355735778809 7
1761993448148 0.955600917339325 8
1761993449181 0.9377588629722595 9
1761993450243 0.9576897621154785 10
1761993451280 0.9602440595626831 11
1761993452463 0.9699562191963196 12
1761993453580 0.9653379917144775 13
1761993454645 0.9557279348373413 14
1761993456080 0.9738774299621582 15
1761993457196 0.9761467576026917 16
1761993458312 0.9640868902206421 17
1761993459546 0.9784795045852661 18
1761993460616 0.9785205721855164 19
1761993461661 0.9736010432243347 20
1761993462821 0.9747948050498962 21
1761993463878 0.9817782044410706 22
1761993465094 0.9869928359985352 23
1761993466193 0.978484570980072 24
1761993467326 0.982441782951355 25
1761993468459 0.9798973798751831 26
1761993469576 0.9781571626663208 27
1761993470713 0.9833866357803345 28
1761993472025 0.9809941649436951 29
1761993473342 0.9831799864768982 30
1761993475876 0.9851766228675842 31
1761993477009 0.9879464507102966 32
1761993478174 0.9901919960975647 33
1761993479307 0.9877484440803528 34
1761993480540 0.9886173605918884 35
1761993481656 0.9860044121742249 36
1761993483023 0.9899293780326843 37
1761993484105 0.9884219765663147 38
1761993485325 0.9901783466339111 39
1761993486455 0.9883782267570496 40
1761993487738 0.988426923751831 41
1761993488805 0.9895572662353516 42
1761993489903 0.9899654984474182 43
1761993491253 0.98973149061203 44
1761993492321 0.9900190234184265 45
1761993493854 0.9899555444717407 46
1761993494937 0.9925384521484375 47
1761993496020 0.9938780665397644 48
1761993497173 0.9921451210975647 49
1761993498303 0.9916024804115295 50
1761993499452 0.9938866496086121 51
1761993500786 0.9887679219245911 52
1761993501962 0.9902169704437256 53
1761993503035 0.9927888512611389 54
1761993504168 0.9900737404823303 55
1761993505301 0.9946436285972595 56
1761993506518 0.9938891530036926 57
1761993507651 0.9947468042373657 58
1761993509084 0.9922049045562744 59
1761993510217 0.9936041235923767 60
1761993511616 0.9951962828636169 61
1761993512733 0.9941195249557495 62
1761993514284 0.9941182136535645 63
1761993515549 0.9950829744338989 64
1761993516766 0.9949310421943665 65
1761993517851 0.9938616752624512 66
1761993519198 0.9955845475196838 67
1761993520315 0.9950804114341736 68
1761993521581 0.9955697059631348 69
1761993522781 0.9945103526115417 70
1761993524116 0.9918550252914429 71
1761993525213 0.9914330840110779 72
1761993526380 0.9952486157417297 73
1761993527447 0.9952484965324402 74
1761993528830 0.9943385124206543 75
1761993530146 0.9938119649887085 76
1761993531279 0.9933738708496094 77
1761993532631 0.9955634474754333 78
1761993533779 0.9936550855636597 79
1761993535029 0.9952449202537537 80
1761993536362 0.9957389831542969 81
1761993538794 0.9955360293388367 82
1761993539878 0.9959793090820312 83
1761993541144 0.9958087205886841 84
1761993542309 0.9939786791801453 85
1761993543477 0.9972876310348511 86
1761993544778 0.9954923987388611 87
1761993545876 0.996955156326294 88
1761993547182 0.9953891038894653 89
1761993548276 0.9963215589523315 90
1761993549476 0.9963813424110413 91
1761993550576 0.9973945617675781 92
1761993551808 0.9962405562400818 93
1761993552958 0.996015191078186 94
1761993554491 0.9961733818054199 95
1761993555591 0.9963203072547913 96
1761993556722 0.9961597919464111 97
1761993557823 0.9964920282363892 98
1761993558907 0.9963314533233643 99
1761993439056 0.6821136474609375 0
