1761993439056 0.0010000000474974513 0
1761993440186 0.0010000000474974513 1
1761993441318 0.0010000000474974513 2
1761993442437 0.0010000000474974513 3
1761993443569 0.0010000000474974513 4
1761993444733 0.0010000000474974513 5
1761993445967 0.0010000000474974513 6
1761993447015 0.0010000000474974513 7
1761993448148 0.0010000000474974513 8
1761993449181 0.0010000000474974513 9
1761993450243 0.0010000000474974513 10
1761993451280 0.0005000000237487257 11
1761993452463 0.0005000000237487257 12
1761993453580 0.0005000000237487257 13
1761993454645 0.0005000000237487257 14
1761993456080 0.0005000000237487257 15
1761993457196 0.0005000000237487257 16
1761993458312 0.0005000000237487257 17
1761993459546 0.0005000000237487257 18
1761993460616 0.0005000000237487257 19
1761993461661 0.0005000000237487257 20
1761993462821 0.0005000000237487257 21
1761993463878 0.0005000000237487257 22
1761993465094 0.0005000000237487257 23
1761993466193 0.0005000000237487257 24
1761993467326 0.0005000000237487257 25
1761993468459 0.0005000000237487257 26
1761993469576 0.0005000000237487257 27
1761993470713 0.0005000000237487257 28
1761993472025 0.0005000000237487257 29
1761993473342 0.0005000000237487257 30
1761993475876 0.0005000000237487257 31
1761993477009 0.0005000000237487257 32
1761993478174 0.0005000000237487257 33
1761993479307 0.0005000000237487257 34
1761993480540 0.0005000000237487257 35
1761993481656 0.0005000000237487257 36
1761993483023 0.0005000000237487257 37
1761993484105 0.0005000000237487257 38
1761993485325 0.0005000000237487257 39
1761993486455 0.0005000000237487257 40
1761993487738 0.0005000000237487257 41
1761993488805 0.0005000000237487257 42
1761993489903 0.0005000000237487257 43
1761993491253 0.0005000000237487257 44
1761993492321 0.0002500000118743628 45
1761993493854 0.0002500000118743628 46
1761993494937 0.0002500000118743628 47
1761993496020 0.0002500000118743628 48
1761993497173 0.0002500000118743628 49
1761993498303 0.0002500000118743628 50
1761993499452 0.0002500000118743628 51
1761993500786 0.0002500000118743628 52
1761993501962 0.0002500000118743628 53
1761993503035 0.0002500000118743628 54
1761993504168 0.0002500000118743628 55
1761993505301 0.0002500000118743628 56
1761993506518 0.0002500000118743628 57
1761993507651 0.0002500000118743628 58
1761993509084 0.0002500000118743628 59
1761993510217 0.0002500000118743628 60
1761993511616 0.0002500000118743628 61
1761993512733 0.0002500000118743628 62
1761993514284 0.0002500000118743628 63
1761993515549 0.0002500000118743628 64
1761993516766 0.0002500000118743628 65
1761993517851 0.0002500000118743628 66
1761993519198 0.0002500000118743628 67
1761993520315 0.0002500000118743628 68
1761993521581 0.0002500000118743628 69
1761993522781 0.0002500000118743628 70
1761993524116 0.0002500000118743628 71
1761993525213 0.0002500000118743628 72
1761993526380 0.0002500000118743628 73
1761993527447 0.0002500000118743628 74
1761993528830 0.0001250000059371814 75
1761993530146 0.0001250000059371814 76
1761993531279 0.0001250000059371814 77
1761993532631 0.0001250000059371814 78
1761993533779 0.0001250000059371814 79
1761993535029 0.0001250000059371814 80
1761993536362 0.0001250000059371814 81
1761993538794 0.0001250000059371814 82
1761993539878 0.0001250000059371814 83
1761993541144 0.0001250000059371814 84
1761993542309 0.0001250000059371814 85
1761993543477 0.0001250000059371814 86
1761993544778 0.0001250000059371814 87
1761993545876 0.0001250000059371814 88
1761993547182 0.0001250000059371814 89
1761993548276 0.0001250000059371814 90
1761993549476 0.0001250000059371814 91
1761993550576 0.0001250000059371814 92
1761993551808 0.0001250000059371814 93
1761993552958 0.0001250000059371814 94
1761993554491 0.0001250000059371814 95
1761993555591 0.0001250000059371814 96
1761993556722 0.0001250000059371814 97
1761993557823 0.0001250000059371814 98
1761993558907 6.25000029685907e-05 99
1761993439056 0.0010000000474974513 0
