1761993439056 1.8878449201583862 0
1761993440186 1.769203782081604 1
1761993441318 1.6971241235733032 2
1761993442437 1.6266361474990845 3
1761993443569 1.5534809827804565 4
1761993444733 1.5126848220825195 5
1761993445967 1.4352047443389893 6
1761993447015 1.4137263298034668 7
1761993448148 1.313402771949768 8
1761993449181 1.3155466318130493 9
1761993450243 1.2450051307678223 10
1761993451280 1.2171103954315186 11
1761993452463 1.1763033866882324 12
1761993453580 1.1696054935455322 13
1761993454645 1.184483528137207 14
1761993456080 1.1186774969100952 15
1761993457196 1.0912444591522217 16
1761993458312 1.1171371936798096 17
1761993459546 1.0526528358459473 18
1761993460616 1.0380522012710571 19
1761993461661 1.0408580303192139 20
1761993462821 1.0203758478164673 21
1761993463878 0.9809445738792419 22
1761993465094 0.9468384981155396 23
1761993466193 0.9681580066680908 24
1761993467326 0.9388603568077087 25
1761993468459 0.9375737309455872 26
1761993469576 0.9380249381065369 27
1761993470713 0.9044902920722961 28
1761993472025 0.8982042670249939 29
1761993473342 0.8727217316627502 30
1761993475876 0.8552443385124207 31
1761993477009 0.8268712162971497 32
1761993478174 0.7991850972175598 33
1761993479307 0.8057740330696106 34
1761993480540 0.7924466729164124 35
1761993481656 0.7887375950813293 36
1761993483023 0.7614943385124207 37
1761993484105 0.7499866485595703 38
1761993485325 0.7347392439842224 39
1761993486455 0.731656551361084 40
1761993487738 0.727623701095581 41
1761993488805 0.7157627940177917 42
1761993489903 0.7032572627067566 43
1761993491253 0.7002863883972168 44
1761993492321 0.6849353909492493 45
1761993493854 0.6854018568992615 46
1761993494937 0.656508207321167 47
1761993496020 0.6436793208122253 48
1761993497173 0.6497777700424194 49
1761993498303 0.6502726078033447 50
1761993499452 0.6260818839073181 51
1761993500786 0.6641190052032471 52
1761993501962 0.6472830176353455 53
1761993503035 0.6225980520248413 54
1761993504168 0.6387127041816711 55
1761993505301 0.5962319374084473 56
1761993506518 0.5977287292480469 57
1761993507651 0.5875599980354309 58
1761993509084 0.6046640872955322 59
1761993510217 0.5865318775177002 60
1761993511616 0.5726431012153625 61
1761993512733 0.5787205696105957 62
1761993514284 0.5735000371932983 63
1761993515549 0.5559301972389221 64
1761993516766 0.5523953437805176 65
1761993517851 0.5540354251861572 66
1761993519198 0.5416881442070007 67
1761993520315 0.540613055229187 68
1761993521581 0.5319405794143677 69
1761993522781 0.5399165153503418 70
1761993524116 0.550001859664917 71
1761993525213 0.5550174713134766 72
1761993526380 0.5264875292778015 73
1761993527447 0.5235120058059692 74
1761993528830 0.5240498185157776 75
1761993530146 0.5273510217666626 76
1761993531279 0.5269314646720886 77
1761993532631 0.5063633322715759 78
1761993533779 0.5227159857749939 79
1761993535029 0.5065728425979614 80
1761993536362 0.4961414337158203 81
1761993538794 0.49866822361946106 82
1761993539878 0.48943030834198 83
1761993541144 0.48761865496635437 84
1761993542309 0.5063585638999939 85
1761993543477 0.47336870431900024 86
1761993544778 0.4851098656654358 87
1761993545876 0.4725049138069153 88
1761993547182 0.48549047112464905 89
1761993548276 0.4777337908744812 90
1761993549476 0.47891953587532043 91
1761993550576 0.4600779116153717 92
1761993551808 0.4662311375141144 93
1761993552958 0.4720310866832733 94
1761993554491 0.47272032499313354 95
1761993555591 0.46701154112815857 96
1761993556722 0.46183887124061584 97
1761993557823 0.4652368426322937 98
1761993558907 0.45918065309524536 99
1761993439056 1.8878449201583862 0
