1761993439056 0.034365925937891006 0
1761993440186 0.04245029389858246 1
1761993441318 0.04793689399957657 2
1761993442437 0.05590496212244034 3
1761993443569 0.06304985284805298 4
1761993444733 0.07306338101625443 5
1761993445967 0.08067376166582108 6
1761993447015 0.0860000029206276 7
1761993448148 0.10439560562372208 8
1761993449181 0.10927572846412659 9
1761993450243 0.12145748734474182 10
1761993451280 0.12643678486347198 11
1761993452463 0.13823530077934265 12
1761993453580 0.14423076808452606 13
1761993454645 0.135007843375206 14
1761993456080 0.1487341821193695 15
1761993457196 0.1612349897623062 16
1761993458312 0.15641476213932037 17
1761993459546 0.1868787258863449 18
1761993460616 0.1773584932088852 19
1761993461661 0.18036071956157684 20
1761993462821 0.17748092114925385 21
1761993463878 0.19620253145694733 22
1761993465094 0.218678817152977 23
1761993466193 0.19402985274791718 24
1761993467326 0.2043956071138382 25
1761993468459 0.2132701426744461 26
1761993469576 0.2107728272676468 27
1761993470713 0.22439023852348328 28
1761993472025 0.21957039833068848 29
1761993473342 0.21461187303066254 30
1761993475876 0.21990740299224854 31
1761993477009 0.23284313082695007 32
1761993478174 0.260869562625885 33
1761993479307 0.2563380300998688 34
1761993480540 0.25626739859580994 35
1761993481656 0.26243093609809875 36
1761993483023 0.26170799136161804 37
1761993484105 0.2678062617778778 38
1761993485325 0.30128204822540283 39
1761993486455 0.2839879095554352 40
1761993487738 0.2844036817550659 41
1761993488805 0.27299702167510986 42
1761993489903 0.27485379576683044 43
1761993491253 0.2805970013141632 44
1761993492321 0.30031949281692505 45
1761993493854 0.3100000023841858 46
1761993494937 0.3187919557094574 47
1761993496020 0.3298611044883728 48
1761993497173 0.3154362440109253 49
1761993498303 0.31849315762519836 50
1761993499452 0.3135313391685486 51
1761993500786 0.3214285671710968 52
1761993501962 0.28658536076545715 53
1761993503035 0.30351439118385315 54
1761993504168 0.3003300428390503 55
1761993505301 0.3265306055545807 56
1761993506518 0.3405017852783203 57
1761993507651 0.3547169864177704 58
1761993509084 0.3612167239189148 59
1761993510217 0.35606059432029724 60
1761993511616 0.3861788511276245 61
1761993512733 0.3458646535873413 62
1761993514284 0.3563218414783478 63
1761993515549 0.3764705955982208 64
1761993516766 0.4000000059604645 65
1761993517851 0.3639846742153168 66
1761993519198 0.4034334719181061 67
1761993520315 0.37254902720451355 68
1761993521581 0.39256197214126587 69
1761993522781 0.39316239953041077 70
1761993524116 0.3468634784221649 71
1761993525213 0.36220473051071167 72
1761993526380 0.36153846979141235 73
1761993527447 0.3531598448753357 74
1761993528830 0.37751004099845886 75
1761993530146 0.3799999952316284 76
1761993531279 0.3650793731212616 77
1761993532631 0.3877550959587097 78
1761993533779 0.3657587468624115 79
1761993535029 0.3907563090324402 80
1761993536362 0.38866397738456726 81
1761993538794 0.39344263076782227 82
1761993539878 0.4067796468734741 83
1761993541144 0.4266666769981384 84
1761993542309 0.4189189076423645 85
1761993543477 0.4229075014591217 86
1761993544778 0.4094827473163605 87
1761993545876 0.4298642575740814 88
1761993547182 0.4292237460613251 89
1761993548276 0.4392523467540741 90
1761993549476 0.4305555522441864 91
1761993550576 0.4423963129520416 92
1761993551808 0.4266666769981384 93
1761993552958 0.4357798099517822 94
1761993554491 0.40789473056793213 95
1761993555591 0.43518519401550293 96
1761993556722 0.4260089695453644 97
1761993557823 0.46268656849861145 98
1761993558907 0.449760764837265 99
1761993439056 0.034365925937891006 0
