1761993439056 0.7395833134651184 0
1761993440186 0.8229166865348816 1
1761993441318 0.8229166865348816 2
1761993442437 0.8333333134651184 3
1761993443569 0.8958333134651184 4
1761993444733 0.8645833134651184 5
1761993445967 0.9479166865348816 6
1761993447015 0.8958333134651184 7
1761993448148 0.9895833134651184 8
1761993449181 0.8958333134651184 9
1761993450243 0.9375 10
1761993451280 0.9166666865348816 11
1761993452463 0.9791666865348816 12
1761993453580 0.9375 13
1761993454645 0.8958333134651184 14
1761993456080 0.9791666865348816 15
1761993457196 0.9791666865348816 16
1761993458312 0.9270833134651184 17
1761993459546 0.9791666865348816 18
1761993460616 0.9791666865348816 19
1761993461661 0.9375 20
1761993462821 0.96875 21
1761993463878 0.96875 22
1761993465094 1.0 23
1761993466193 0.9479166865348816 24
1761993467326 0.96875 25
1761993468459 0.9375 26
1761993469576 0.9375 27
1761993470713 0.9583333134651184 28
1761993472025 0.9583333134651184 29
1761993473342 0.9791666865348816 30
1761993475876 0.9895833134651184 31
1761993477009 0.9895833134651184 32
1761993478174 1.0 33
1761993479307 0.9479166865348816 34
1761993480540 0.9583333134651184 35
1761993481656 0.9895833134651184 36
1761993483023 0.9895833134651184 37
1761993484105 0.9791666865348816 38
1761993485325 0.9791666865348816 39
1761993486455 0.9791666865348816 40
1761993487738 0.96875 41
1761993488805 0.9583333134651184 42
1761993489903 0.9791666865348816 43
1761993491253 0.9791666865348816 44
1761993492321 0.9791666865348816 45
1761993493854 0.96875 46
1761993494937 0.9895833134651184 47
1761993496020 0.9895833134651184 48
1761993497173 0.9791666865348816 49
1761993498303 0.96875 50
1761993499452 0.9895833134651184 51
1761993500786 0.9375 52
1761993501962 0.9791666865348816 53
1761993503035 0.9895833134651184 54
1761993504168 0.9479166865348816 55
1761993505301 1.0 56
1761993506518 0.9895833134651184 57
1761993507651 0.9791666865348816 58
1761993509084 0.9895833134651184 59
1761993510217 0.9791666865348816 60
1761993511616 0.9895833134651184 61
1761993512733 0.9583333134651184 62
1761993514284 0.96875 63
1761993515549 1.0 64
1761993516766 1.0 65
1761993517851 0.9895833134651184 66
1761993519198 0.9791666865348816 67
1761993520315 0.9895833134651184 68
1761993521581 0.9895833134651184 69
1761993522781 0.9583333134651184 70
1761993524116 0.9791666865348816 71
1761993525213 0.9583333134651184 72
1761993526380 0.9791666865348816 73
1761993527447 0.9895833134651184 74
1761993528830 0.9791666865348816 75
1761993530146 0.9895833134651184 76
1761993531279 0.9583333134651184 77
1761993532631 0.9895833134651184 78
1761993533779 0.9791666865348816 79
1761993535029 0.96875 80
1761993536362 1.0 81
1761993538794 1.0 82
1761993539878 1.0 83
1761993541144 1.0 84
1761993542309 0.96875 85
1761993543477 1.0 86
1761993544778 0.9895833134651184 87
1761993545876 0.9895833134651184 88
1761993547182 0.9791666865348816 89
1761993548276 0.9791666865348816 90
1761993549476 0.96875 91
1761993550576 1.0 92
1761993551808 1.0 93
1761993552958 0.9895833134651184 94
1761993554491 0.96875 95
1761993555591 0.9791666865348816 96
1761993556722 0.9895833134651184 97
1761993557823 0.96875 98
1761993558907 0.9791666865348816 99
1761993439056 0.7395833134651184 0
